-0.06703765, 9.892841, -0.12449849
-0.45010993, 10.160992, 1.5610195
-0.20111294, 8.66701, 2.2026656
-0.095768064, 8.571242, 2.0494366
-0.1436521, 7.479486, 0.8331822
0.20111294, 6.5696893, 0.6512229
-0.047884032, 7.9966335, 2.4708161
-2.030283, 7.8529816, 2.5378537
-1.7908629, 8.532935, 3.3614593
-0.5363012, 9.299079, 3.3423057
-1.6376339, 7.843405, 2.528277
0.4213795, 12.152967, 1.8387469
0.29688102, 16.836027, -0.79487497
-5.2385135, 13.723564, 0.6512229
-2.9113493, 9.710882, 1.0534488
-2.1547816, 10.754754, -0.18195933
-0.61291564, 9.710882, -0.2681506
-1.3120226, 9.557653, 0.6703765
-2.1452048, 9.174581, 0.8714894
-2.135628, 8.111555, 0.8619126
-1.4556746, 7.469909, -0.047884032
-1.4556746, 6.646304, 1.5131354
-1.6567876, 7.086837, 0.4405331
-1.6376339, 6.655881, 1.0534488
-2.9783869, 5.21936, 1.5227122
-4.1276035, 7.326257, 0.21068975
-1.5897499, 18.138472, 1.3694834
0.38307226, 17.717093, 3.0550013
-1.7429788, 12.440272, 3.2273839
-2.882619, 12.08593, 3.7541082
-1.685518, 9.576807, 3.3327289
-1.4077905, 5.8705826, 1.9919758
-1.1300632, 6.4068837, 2.0685902
-0.6512229, 6.9048777, 2.0015526
-0.59376204, 6.042965, 2.1452048
-1.0055647, 5.48751, 2.3463178
-1.2354081, 6.799533, 2.7964275
-1.3120226, 9.059659, 3.6008794
-0.6512229, 9.959879, 3.4859576
0.21068975, 11.750742, 3.9264908
-2.327164, 14.18325, -0.7182605
-0.89064306, 12.842498, -0.6512229
-2.834735, 13.139379, 0.8331822
-1.3694834, 9.107543, 0.047884032
-1.0247183, 10.237606, -0.11492168
-1.532289, 9.595961, 0.019153614
-2.0398598, 8.571242, 0.8619126
-2.3080103, 8.130709, 0.93852705
-1.484405, 7.565677, 1.7142484
-1.4460979, 6.646304, 0.6703765
-2.2505496, 7.07726, 1.0630256
-1.8579005, 8.264784, 0.7757214
-2.7868507, 7.833828, 1.2545617
-2.8634653, 10.773908, 0.7661445
-1.388637, 15.102624, 0.82360536
-0.48841715, 16.376339, 3.41892
-2.1643584, 13.876793, 3.9839516
-0.7469909, 11.271901, 2.566584
-0.60333884, 8.159439, 1.9440918
-1.2066777, 6.7133417, 1.5610195
-0.23942018, 7.1634517, 1.6184803
-0.47884035, 6.7324953, 1.436521
-0.22026655, 5.554548, 1.9632454
-0.46926352, 5.3247046, 1.541866
-1.1204864, 8.1402855, 2.7964275
-2.3080103, 9.557653, 3.9839516
0.33518824, 10.103531, 3.0071173
-2.231396, 16.079458, -2.7868507
-2.183512, 13.838486, 1.043872
-3.5051112, 12.344504, 0.641646
-0.7278373, 10.0269165, 0.29688102
-0.6991069, 8.590396, -0.38307226
-0.8810662, 8.954314, -0.047884032
-1.9057846, 8.341399, 0.4309563
-1.8674773, 8.0924015, 1.5035586
-2.585738, 7.795521, 1.982399
-2.1260512, 6.483498, 0.5746084
-1.8962077, 7.2113357, 1.1204864
-3.2752678, 7.9487495, 1.2641385
-3.265691, 8.935161, -0.047884032
0.59376204, 14.987702, 1.1492168
-1.5131354, 15.648502, 2.681506
-2.135628, 16.146496, 4.453215
-1.3503298, 11.310209, 3.064578
-0.842759, 7.795521, 1.3982137
-1.0055647, 6.1195793, 1.4077905
0.38307226, 6.033388, 1.2258313
0.49799395, 6.1866174, 0.81402856
-0.33518824, 6.2345014, 1.13964
-1.0342951, 7.73806, 3.7445314
-2.1930888, 9.030929, 3.169923
-2.5378537, 6.895301, 3.3327289
-0.30645782, 9.730036, 3.6391866
-0.17238252, 18.186356, -0.31603462
-0.6895301, 11.87524, 0.49799395
-2.777274, 12.133814, 0.7278373
-2.7964275, 9.701305, 0.6895301
-0.9576807, 10.28549, -0.30645782
-1.2354081, 9.586384, 0.1436521
-1.6759412, 8.312668, 0.7374141
-2.4420857, 8.379706, 1.2737153
-2.1452048, 8.2169, 1.0630256
-1.8004397, 7.0964136, 0.7565677
-1.2449849, 6.646304, 0.9768343
-1.283292, 7.2592196, 0.8714894
-2.27928, 8.0924015, 1.1779473
-2.6048915, 8.839393, 0.40222588
-0.8619126, 14.279019, 0.89064306
0.49799395, 14.642938, 1.685518
-0.94810385, 17.152061, 3.6774938
-1.8579005, 11.980585, 3.6583402
-0.17238252, 7.9966335, 1.7525556
-1.2258313, 6.847417, 1.8483237
-0.02873042, 6.5696893, 1.8674773
0.08619126, 6.0142345, 1.2354081
-0.45968673, 5.650316, 1.2066777
0.5554548, 6.7133417, 2.6048915
-1.2258313, 9.193734, 2.7868507
-1.5131354, 7.9391727, 4.7309427
-0.6895301, 9.184157, 3.6774938
-1.4173675, 17.266983, 0.7469909
-1.6472107, 13.704411, -0.05746084
-1.1013328, 13.110648, 0.06703765
-1.1587936, 10.0269165, -0.05746084
-0.7374141, 10.228029, -0.4309563
-1.5227122, 10.754754, -0.21068975
-2.336741, 9.758766, 0.6799533
-2.4516625, 8.39886, 1.0630256
-1.7908629, 8.0924015, 0.92895025
-1.2545617, 6.789956, 0.22984336
-1.3215994, 7.4028716, -0.06703765
-1.7717092, 6.090849, 0.45010993
-2.0685902, 8.983045, 1.7429788
-2.2697031, 6.83784, 0.91937345
-1.3120226, 11.21444, -0.19153613
1.283292, 17.669209, 0.8523358
-0.5746084, 15.524004, 2.528277
-1.1204864, 14.33648, 3.8115692
-1.1683705, 10.524911, 2.6431987
-0.6512229, 7.0006456, 1.292869
-0.038307227, 6.157887, 1.4939818
0.63206923, 6.1770406, 0.94810385
0.6512229, 5.7843914, 0.6895301
-0.39264908, 5.889736, 1.2162545
0.4213795, 7.479486, 2.825158
-1.7812861, 7.632715, 2.6623523
-1.9057846, 9.222465, 3.8019924
-1.982399, 8.446744, 4.596867
1.4077905, 13.388376, 0.6991069
-0.23942018, 15.763424, -0.047884032
-3.0358477, 15.064317, -0.17238252
-0.7086837, 12.698846, -0.08619126
-0.91937345, 11.87524, -0.58418524
-0.5650316, 9.32781, -0.11492168
-0.6799533, 7.383718, 0.31603462
-1.4460979, 8.944737, 1.2545617
-1.0055647, 8.810662, 0.8619126
-1.1875241, 8.1881695, -0.08619126
-1.6089035, 9.519346, 0.4309563
-0.7278373, 12.804191, -0.038307227
-0.34476504, 9.873688, -0.8619126
1.091756, 10.97502, -0.4213795
0.7374141, 9.3661175, -0.9959879
-0.076614454, 8.676587, -0.61291564
0.22984336, 9.605537, -0.05746084
0.21068975, 10.879252, 0.095768064
-0.7565677, 9.56723, 0.17238252
-1.3694834, 9.490616, 0.37349546
-0.93852705, 10.342952, 0.24899697
0.9768343, 10.275913, -0.49799395
1.4173675, 9.682152, -0.6799533
0.8331822, 9.605537, -0.41180268
0.23942018, 9.768343, -0.11492168
-0.22026655, 9.950302, -0.18195933
0.22984336, 10.055647, 0.009576807
0.47884035, 9.720459, -0.10534488
0.45968673, 9.825804, -0.25857377
0.41180268, 9.9790325, -0.31603462
0.45968673, 9.950302, -0.34476504
0.60333884, 9.797073, -0.31603462
0.5650316, 9.892841, -0.32561144
0.40222588, 9.873688, -0.2777274
0.37349546, 9.921572, -0.19153613
0.40222588, 9.892841, -0.19153613
0.41180268, 9.816227, -0.23942018
0.48841715, 9.959879, -0.2777274
0.4309563, 9.921572, -0.30645782
0.41180268, 9.883265, -0.25857377
0.5267244, 9.883265, -0.21068975
0.4309563, 9.864111, -0.10534488
0.29688102, 9.902418, -0.10534488
0.36391866, 9.854534, -0.21068975
0.40222588, 9.873688, -0.15322891
0.40222588, 9.873688, -0.24899697
0.37349546, 9.911995, -0.22026655
0.36391866, 9.921572, -0.18195933
