0.18195933, 9.950302, 0.37349546
0.34476504, 9.816227, 0.08619126
0.30645782, 9.902418, 0.29688102
0.4213795, 9.998186, -0.10534488
0.38307226, 9.80665, 0.1436521
0.25857377, 9.854534, 0.62249243
0.45010993, 9.797073, 0.47884035
0.4213795, 9.844957, 0.31603462
0.32561144, 9.758766, 0.45010993
0.37349546, 9.864111, 0.49799395
0.48841715, 9.816227, 0.19153613
0.45010993, 9.787497, -0.076614454
0.2681506, 9.797073, -0.1436521
0.18195933, 9.739613, -0.12449849
0.2681506, 9.864111, -0.29688102
0.39264908, 9.921572, -0.46926352
0.095768064, 9.739613, -0.49799395
-0.2681506, 10.036493, -0.38307226
-0.50757074, 9.864111, -0.1340753
0.095768064, 10.323798, -0.5650316
-0.019153614, 9.911995, -0.7565677
-0.9576807, 10.04607, -0.25857377
-0.79487497, 9.615114, -0.25857377
-1.1013328, 9.739613, -0.30645782
-1.292869, 10.247183, -0.047884032
-1.0055647, 10.189722, -0.038307227
-1.1683705, 10.563218, -0.12449849
-1.292869, 9.787497, -0.15322891
-1.2162545, 9.787497, -0.12449849
-1.1013328, 9.9790325, -0.37349546
-0.5363012, 10.91756, 0.038307227
-1.292869, 12.50731, -0.12449849
-1.043872, 12.74673, 0.25857377
2.5091233, 12.315774, -1.2737153
-0.02873042, 11.252748, -0.41180268
-0.92895025, 10.0748005, 0.7661445
0.31603462, 10.180145, 0.8810662
1.0630256, 9.14585, 0.7086837
-0.4405331, 9.3661175, 1.436521
-0.30645782, 8.236053, 1.6184803
0.16280572, 7.5944076, 1.982399
-0.21068975, 7.920019, 2.1930888
0.7182605, 8.255207, 2.528277
0.36391866, 8.073248, 3.2465374
-0.50757074, 7.2113357, 3.8498764
-1.0726024, 7.7667904, 4.7500963
0.25857377, 8.350976, 4.817134
0.90021986, 12.603078, 2.327164
-1.1013328, 10.429143, 2.231396
0.24899697, 9.078813, -0.6895301
2.585738, 10.601525, 0.45968673
0.009576807, 9.471462, 0.38307226
-2.078167, 9.184157, 1.091756
-1.7908629, 8.810662, 0.842759
-0.38307226, 9.030929, 0.4213795
-0.51714754, 9.069236, 0.22984336
-0.842759, 8.963891, 0.4309563
-1.3694834, 9.452309, -0.2777274
-0.9576807, 10.208876, 0.4309563
-0.90979666, 11.070788, 0.8619126
-0.15322891, 12.287044, 1.0247183
-1.2162545, 13.627796, -1.0821792
2.384625, 12.737153, -0.49799395
0.7661445, 12.143391, -0.32561144
-1.3790601, 10.697293, 1.1204864
-0.009576807, 10.5919485, 1.0247183
1.4173675, 9.653421, 0.89064306
0.4405331, 9.212888, 1.3790601
-0.4213795, 8.24563, 1.2737153
-0.019153614, 7.1251445, 2.1643584
0.20111294, 6.244078, 2.2697031
0.22026655, 5.8322754, 2.5953147
-0.11492168, 5.9663506, 3.2848446
-0.80445176, 7.565677, 5.0278234
-1.4269443, 10.084377, 5.7843914
1.541866, 11.693281, 5.889736
0.076614454, 12.6222315, 3.323152
-0.095768064, 9.165004, 0.94810385
2.7006595, 12.0093155, -0.11492168
1.9632454, 10.036493, 0.62249243
-1.5035586, 10.036493, 0.7469909
-1.3599066, 8.963891, 0.7086837
0.15322891, 9.14585, 0.7469909
-0.009576807, 8.90643, 0.31603462
-0.50757074, 8.619126, 0.23942018
-0.50757074, 9.107543, -0.19153613
-0.41180268, 9.854534, 0.29688102
-0.8523358, 11.262324, 1.6376339
-0.4213795, 11.434708, 1.0055647
-0.20111294, 12.038046, -2.1260512
4.003105, 12.813767, 0.21068975
0.61291564, 12.5264635, 0.48841715
-0.6991069, 8.839393, 0.7661445
0.89064306, 10.927136, 1.436521
1.7046716, 9.80665, 0.58418524
0.80445176, 8.159439, 0.80445176
0.8810662, 8.197746, 1.3982137
-0.076614454, 7.4124484, 2.4420857
0.19153613, 7.2687964, 2.336741
0.30645782, 6.6079965, 3.0071173
-0.45010993, 7.0102224, 3.964798
-0.79487497, 9.998186, 5.3342814
1.5035586, 11.233594, 6.042965
0.80445176, 12.449849, 2.4516625
-0.22026655, 9.528923, 1.7621324
1.1300632, 10.113108, 0.25857377
2.0111294, 10.352529, 1.1492168
-0.24899697, 10.1226845, 0.19153613
-0.9768343, 9.691729, 0.8523358
-0.93852705, 10.084377, 0.58418524
0.095768064, 9.394848, 0.5650316
0.095768064, 8.628703, 0.019153614
-0.16280572, 9.002198, -0.62249243
0.047884032, 10.189722, 0.82360536
-0.6703765, 11.300632, 1.5035586
-0.31603462, 10.055647, 1.1300632
-0.60333884, 11.15698, -1.6280571
3.1507695, 12.77546, 0.8523358
1.4173675, 11.884817, 0.7661445
-0.48841715, 10.457873, 1.532289
1.6280571, 11.587936, 0.7182605
3.169923, 9.959879, 1.0055647
1.5227122, 8.341399, 0.61291564
0.58418524, 7.967903, 1.7717092
-0.22984336, 7.326257, 2.1547816
0.6895301, 6.694188, 2.1643584
0.60333884, 6.5026517, 2.6048915
0.038307227, 7.029376, 3.3997664
-0.59376204, 9.816227, 5.497087
2.4037786, 11.865664, 2.384625
0.05746084, 12.401965, 1.7525556
1.2449849, 10.745177, 0.79487497
1.7142484, 9.423578, 0.9768343
-0.46926352, 9.662998, 1.2258313
-1.9249382, 9.088389, 1.436521
-0.9864111, 8.762778, 0.8523358
0.58418524, 9.730036, 0.9768343
0.009576807, 9.921572, -0.25857377
-0.5746084, 8.839393, -0.08619126
-0.5746084, 9.624691, 0.62249243
0.11492168, 10.228029, 0.47884035
-0.62249243, 10.582372, 2.135628
-1.0534488, 11.233594, 0.61291564
1.3311762, 13.388376, -0.9672575
4.6926355, 12.50731, -0.36391866
0.5363012, 10.563218, -0.29688102
-0.7278373, 8.90643, 1.6567876
1.5993267, 10.275913, 1.5801731
2.3942018, 8.829816, 0.8619126
0.545878, 9.030929, 1.3120226
0.9672575, 8.082825, 1.8100165
0.6991069, 7.5561004, 2.4708161
-0.05746084, 7.7667904, 2.72939
0.5650316, 7.2592196, 3.3039982
-0.06703765, 7.3166804, 3.265691
-0.2873042, 8.475474, 4.865018
1.091756, 8.791509, 4.721366
2.27928, 11.990162, 2.719813
-1.1875241, 10.793061, 2.4037786
1.292869, 10.065224, 0.8714894
2.8443117, 10.97502, 1.1587936
0.6895301, 9.902418, 0.5363012
-1.043872, 10.352529, 1.0247183
-1.2545617, 9.844957, 1.0055647
-0.4405331, 9.011775, 0.6512229
0.18195933, 8.24563, -0.06703765
-0.02873042, 8.944737, 0.18195933
0.05746084, 8.925584, 0.2873042
0.31603462, 8.829816, -0.20111294
0.58418524, 8.992621, -0.16280572
-0.9864111, 9.768343, 0.60333884
0.25857377, 10.97502, 1.1109096
0.9576807, 13.01488, -0.18195933
0.20111294, 13.819332, 0.22026655
0.89064306, 13.589489, -0.9768343
0.38307226, 11.022904, -0.7757214
-0.11492168, 9.931149, -0.12449849
0.8523358, 10.065224, -0.02873042
2.7581203, 10.67814, -0.21068975
1.5801731, 8.7053175, -0.25857377
0.51714754, 7.642292, -0.7374141
1.388637, 8.523358, -0.4309563
2.4037786, 7.795521, -0.11492168
1.4748282, 7.441179, 0.545878
0.89064306, 7.52737, 1.0247183
1.1109096, 7.728483, 1.1587936
1.0534488, 8.0445175, 1.9440918
0.51714754, 7.690176, 3.064578
0.30645782, 8.7532015, 4.462792
-0.5267244, 7.603985, 3.1316159
3.1124623, 15.05474, 2.8634653
-0.31603462, 10.400413, -0.29688102
-0.22984336, 8.954314, -1.6663644
3.572149, 10.1226845, -2.0590134
0.38307226, 9.988609, 0.019153614
-0.17238252, 9.969456, 0.4309563
-0.40222588, 10.247183, 1.2449849
0.59376204, 9.5385, 1.0247183
0.9959879, 9.730036, 0.80445176
0.41180268, 9.883265, 1.0055647
-0.36391866, 10.6398325, -0.06703765
1.8674773, 9.174581, -0.93852705
1.8387469, 9.911995, -0.15322891
0.61291564, 9.9790325, 0.21068975
1.3120226, 9.911995, 0.2873042
1.0630256, 9.816227, 0.076614454
1.1683705, 9.80665, 0.22026655
1.0342951, 9.854534, 0.095768064
1.1013328, 9.835381, 0.05746084
1.2162545, 9.739613, 0.25857377
1.1971009, 9.844957, 0.1436521
0.9576807, 9.835381, 0.076614454
1.0821792, 9.844957, 0.18195933
1.2066777, 9.80665, 0.06703765
1.1587936, 9.854534, 0.019153614
0.9768343, 9.816227, 0.05746084
