1.1587936, 9.854534, -0.63206923
0.45968673, 9.56723, 0.038307227
0.6991069, 9.701305, 0.90979666
-0.7278373, 9.739613, 0.5363012
0.82360536, 10.429143, 0.21068975
0.41180268, 10.141838, 0.08619126
1.6663644, 11.358093, -0.45010993
1.2641385, 10.151415, 0.6799533
0.7086837, 10.5440645, 0.6895301
-0.7182605, 13.723564, -0.1436521
1.7621324, 15.98369, 2.6144683
3.8019924, 13.340492, 2.7868507
1.2641385, 13.40753, 4.6351743
-1.043872, 13.187263, 0.9864111
3.1890767, 11.271901, -0.22026655
2.719813, 8.973468, 3.5338416
-0.5650316, 8.858546, -1.13964
0.4309563, 8.532935, 2.2601264
2.2984335, 2.8921957, 0.18195933
1.9919758, 2.4995465, 1.436521
1.6472107, 2.7485435, 2.681506
2.5570073, 3.0933087, 6.0525417
5.1906295, 9.126697, 5.707777
8.446744, 12.440272, 6.2345014
1.4173675, 7.201759, 2.1452048
1.4269443, 11.032481, 3.6774938
0.46926352, 9.461885, 2.8921957
-0.12449849, 9.643845, 2.231396
0.34476504, 10.840945, 1.2354081
2.5474305, 9.835381, 1.532289
1.5993267, 8.772355, 0.79487497
0.6512229, 9.270349, 0.23942018
0.36391866, 8.714894, 0.20111294
1.1492168, 10.295067, 1.3311762
0.17238252, 10.218452, 1.283292
1.685518, 11.568783, 1.733402
1.4939818, 12.593501, 2.96881
0.33518824, 13.196839, 0.08619126
3.5913026, 12.306197, 2.9879637
1.6376339, 13.599066, 5.93762
1.1492168, 13.570335, -0.36391866
4.3957543, 9.892841, -2.1068976
0.7757214, 10.036493, 1.0534488
0.25857377, 9.222465, 1.6663644
1.8866309, 6.847417, 0.60333884
1.6567876, 6.5696893, 2.2505496
2.4133554, 4.951209, 2.3942018
2.7581203, 3.5434184, 2.0111294
2.2026656, 3.3997664, 2.930503
3.4955344, 9.471462, 8.8777
5.841852, 10.113108, 4.1180267
2.1260512, 7.1634517, 1.2066777
2.585738, 9.097966, 3.4572272
1.0055647, 12.373235, 4.4244847
-0.37349546, 9.078813, 2.5570073
-1.2162545, 9.710882, 1.9249382
-0.1436521, 10.448297, 2.4995465
3.217807, 7.824251, 0.60333884
0.15322891, 8.686164, -0.61291564
1.3982137, 8.054094, 0.90021986
1.5993267, 9.3661175, 0.6991069
2.6719291, 10.860099, 0.9864111
0.33518824, 10.94629, 0.38307226
0.62249243, 15.667656, 2.1164744
2.2697031, 15.093047, 1.8291701
6.1004257, 12.631808, 3.86903
1.8195933, 12.411542, 1.9249382
1.1492168, 10.007763, -1.1779473
2.231396, 7.9966335, -1.6184803
1.1013328, 8.130709, 1.1875241
1.1683705, 7.9391727, 1.484405
1.7046716, 6.4643445, 1.8291701
2.834735, 4.1371803, 1.5131354
3.016694, 3.7924154, 1.8866309
3.5051112, 3.1507695, 2.1068976
4.414908, 5.5737014, 6.4547677
5.995081, 15.667656, 6.8091097
5.48751, 10.113108, 8.456321
1.0342951, 5.4779334, -0.48841715
1.4269443, 13.273455, 4.367024
0.9576807, 10.7356, 2.96881
0.21068975, 8.1402855, 1.2066777
-1.8387469, 11.884817, 2.719813
1.1587936, 9.672575, 2.135628
2.2026656, 8.0924015, 0.7469909
1.3024458, 8.887277, 1.1779473
1.3503298, 7.8625584, 0.60333884
1.0534488, 10.113108, 1.7142484
1.2545617, 10.342952, 0.6895301
1.685518, 13.062764, 2.825158
0.9959879, 16.414646, 0.81402856
4.2521024, 12.823344, 3.3901896
1.8387469, 12.737153, 2.8921957
2.480393, 13.618219, 0.8619126
2.930503, 9.605537, -1.283292
0.6703765, 8.207323, -1.3599066
0.6799533, 7.5561004, 1.4556746
2.825158, 7.1730285, 1.283292
1.5131354, 4.951209, 0.38307226
3.667917, 4.156334, 1.8004397
3.169923, 3.5529952, 2.5761611
3.1603463, 4.357447, 6.339846
8.504205, 14.5088625, 5.9567738
1.5801731, 9.490616, 3.9743748
1.2545617, 8.39886, 3.1890767
1.9249382, 11.3964, 4.098873
0.7757214, 9.222465, 2.030283
0.79487497, 9.998186, 2.1260512
1.4748282, 9.14585, 2.4133554
2.566584, 8.0445175, 0.8714894
-0.02873042, 7.9391727, -0.4405331
0.21068975, 7.4124484, 0.31603462
2.0398598, 9.471462, 0.19153613
2.4612393, 9.165004, -0.12449849
1.7621324, 10.5919485, 0.05746084
1.4748282, 11.434708, -0.06703765
1.2354081, 15.514427, 0.23942018
3.016694, 14.049175, 1.1013328
4.2904096, 11.9614315, 4.1276035
0.63206923, 14.259866, 5.171476
1.4939818, 13.072341, 0.51714754
5.085284, 9.184157, -1.9057846
2.3558946, 9.107543, 0.40222588
1.6759412, 8.389283, 2.030283
2.1739352, 7.28795, 1.8291701
2.1164744, 5.2002063, 1.1204864
3.074155, 3.514688, 1.4652514
3.572149, 3.265691, 1.4652514
3.3901896, 3.916914, 3.6966474
5.861006, 8.130709, 7.2687964
7.9104424, 11.415554, 6.8665705
1.7238252, 6.2823853, 3.3806129
4.7500963, 9.385271, 2.9975405
-1.0247183, 14.250289, 1.6567876
0.19153613, 10.228029, 2.1930888
1.5514427, 9.222465, 1.2641385
1.7046716, 8.552089, 1.4556746
-0.16280572, 7.3549876, -0.23942018
1.2641385, 7.6231384, 0.6512229
2.078167, 9.490616, 0.89064306
0.5650316, 9.816227, 0.34476504
0.36391866, 10.113108, 0.7469909
2.5953147, 11.693281, 1.5897499
1.982399, 10.7356, -0.78529817
0.7661445, 13.196839, 0.33518824
6.1866174, 11.233594, 1.4077905
2.6910827, 10.812215, -0.047884032
1.541866, 11.3964, 2.0590134
2.873042, 10.457873, 0.7757214
4.232949, 8.944737, 0.009576807
3.0550013, 8.628703, 1.340753
1.4460979, 8.42759, 0.40222588
2.1930888, 7.489063, 1.3120226
2.96881, 7.1347213, 1.6663644
3.1028855, 7.642292, 2.0207062
2.2409728, 6.751649, 1.5514427
2.585738, 6.301539, 1.3311762
1.9728222, 5.765238, 0.842759
2.0111294, 11.080365, -0.8810662
6.244078, 16.414646, 2.4516625
1.3024458, 8.801085, 1.8962077
3.1603463, 7.4124484, -5.717354
-0.51714754, 10.352529, 2.882619
2.96881, 9.902418, -0.29688102
2.9496565, 9.921572, -0.6799533
1.5897499, 9.940725, 0.59376204
1.3024458, 9.653421, -1.5897499
2.7868507, 9.682152, -1.1971009
2.834735, 9.672575, -0.62249243
2.4133554, 9.509769, -1.2162545
2.4229321, 9.749189, -0.842759
2.2409728, 9.5385, -0.81402856
2.327164, 9.739613, -0.8523358
2.336741, 9.509769, -0.60333884
2.0207062, 9.385271, -0.7278373
1.9536686, 9.442732, -0.8714894
2.078167, 9.749189, -0.7278373
2.2409728, 9.825804, -0.6799533
2.27928, 9.80665, -0.49799395
2.2601264, 9.816227, -0.5746084
2.135628, 9.730036, -0.7757214
2.0398598, 9.548077, -0.7469909
1.9632454, 9.615114, -0.9959879
2.0207062, 9.595961, -0.94810385
2.0973208, 9.672575, -1.0055647
2.2888567, 9.519346, -1.2258313
2.2984335, 9.710882, -0.7374141
2.1930888, 9.816227, -0.8810662
2.1643584, 9.758766, -0.79487497
1.9632454, 9.758766, -0.7565677
1.733402, 9.701305, -0.7565677
1.7812861, 9.662998, -0.842759
1.8291701, 9.682152, -1.0821792
2.1547816, 9.720459, -1.1204864
1.9057846, 9.701305, -0.9864111
2.030283, 9.586384, -1.1875241
2.1068976, 9.672575, -1.0342951
1.8579005, 9.710882, -1.0247183
1.9632454, 9.672575, -0.91937345
1.8387469, 9.662998, -1.0534488
1.8291701, 9.672575, -0.91937345
1.6472107, 9.672575, -0.8619126
1.9057846, 9.749189, -1.043872
