1.5131354, 9.787497, -0.6703765
0.48841715, 9.710882, -0.5267244
1.7429788, 11.377247, 3.466804
2.0398598, 10.716447, 1.3790601
-2.9496565, 10.409989, 3.8881836
0.2873042, 8.456321, 1.7238252
-0.2681506, 4.6255975, 0.7469909
-0.45968673, 1.0151415, 1.3024458
-0.49799395, 2.183512, 3.1507695
-1.436521, 3.4572272, 4.050989
4.912902, 4.0414124, 6.0525417
-5.449203, 15.006856, 3.8115692
-2.528277, 13.177686, 4.1371803
2.7102363, 7.575254, 2.72939
0.8619126, 13.158532, 0.30645782
-1.1300632, 13.532028, -0.19153613
-2.2984335, 10.802638, 0.89064306
-3.4859576, 9.481039, 1.5514427
-0.2681506, 8.00621, 0.93852705
1.6759412, 7.153875, -1.4460979
1.3694834, 7.536947, 0.7182605
-0.076614454, 9.557653, 0.89064306
-0.1340753, 10.093954, -0.19153613
-2.777274, 11.942278, -0.33518824
1.3790601, 13.43626, 1.8195933
3.265691, 15.95496, 2.1452048
-1.4556746, 10.869676, 1.7525556
-1.8770541, 12.909535, 2.4708161
0.6512229, 14.5567465, -0.24899697
2.9879637, 9.270349, 1.5993267
0.6799533, 9.251195, 0.8523358
-1.8770541, 8.935161, 1.9728222
0.05746084, 5.4300494, 1.0726024
0.2681506, 4.596867, 1.541866
-1.0534488, 4.9416323, 2.087744
-2.2409728, 4.7979803, 3.1986535
-0.37349546, 7.0964136, 4.807557
-1.8483237, 17.295713, 5.8322754
0.60333884, 10.726024, 1.7621324
1.6280571, 9.222465, 0.48841715
-0.37349546, 14.317327, -0.545878
-2.1164744, 10.907983, 1.1971009
-1.5131354, 9.097966, 1.1204864
1.8674773, 8.1402855, 0.545878
1.4652514, 7.824251, -1.733402
0.29688102, 8.149862, 0.45010993
0.10534488, 9.174581, 0.61291564
-0.30645782, 10.180145, -0.37349546
-2.1547816, 10.936713, 0.2873042
1.3503298, 14.240712, -0.08619126
2.5378537, 15.763424, 0.35434186
-0.80445176, 11.319786, 2.384625
-2.2026656, 12.871228, 0.7661445
0.78529817, 15.035586, -0.36391866
5.8226986, 9.030929, 1.2641385
-0.5267244, 8.1402855, -0.45968673
-1.5993267, 5.995081, 1.7046716
-0.15322891, 5.765238, 0.63206923
0.17238252, 5.8322754, 0.78529817
-2.1452048, 5.449203, 2.3654714
-0.7757214, 4.185065, 2.7964275
-1.0247183, 6.885724, 1.2449849
-1.6472107, 17.343597, 7.2304893
-0.7757214, 10.228029, 2.5953147
-0.4309563, 12.11466, 1.1587936
-0.9864111, 11.923124, 1.091756
-0.9576807, 9.011775, 0.2873042
0.2681506, 8.916007, 0.50757074
0.37349546, 8.015787, 0.35434186
1.0726024, 7.8050976, 0.39264908
0.45968673, 9.136273, 0.81402856
0.2873042, 9.77792, -0.22984336
-0.6512229, 10.218452, 0.37349546
-1.3503298, 11.741165, 1.388637
2.4133554, 14.480132, 0.58418524
1.043872, 14.164097, 1.292869
-1.0247183, 10.812215, 2.7006595
-1.4269443, 12.334928, 1.2641385
-0.15322891, 14.049175, -1.2641385
5.659893, 9.279925, 2.0685902
0.019153614, 8.513782, -0.8714894
-1.4173675, 9.77792, 2.8921957
-0.49799395, 5.0374002, 1.0726024
-0.59376204, 5.257667, 1.043872
-1.7908629, 5.142745, 1.4939818
-1.9153614, 4.0797195, 2.2122424
0.8331822, 3.6487634, 4.405331
-3.6966474, 15.524004, 2.4037786
-3.371036, 12.966996, 2.6719291
1.4077905, 6.646304, -0.29688102
-0.18195933, 14.60463, -0.5554548
-1.8579005, 12.77546, 1.6950948
-1.9536686, 8.580819, 1.4939818
1.7621324, 8.695741, -0.11492168
0.8331822, 8.686164, -0.02873042
-0.24899697, 7.651869, -2.96881
2.327164, 8.24563, 1.1300632
1.5610195, 9.921572, -0.6799533
-0.49799395, 10.534488, 0.60333884
-1.0342951, 10.773908, 0.06703765
2.585738, 12.98615, -1.1779473
4.759673, 14.240712, -0.23942018
1.8866309, 11.109096, 0.61291564
0.05746084, 12.928689, 1.283292
-1.1683705, 11.990162, -0.50757074
-0.2681506, 12.133814, 0.10534488
2.6048915, 10.0269165, 1.7621324
0.4309563, 8.063671, 0.095768064
-1.283292, 6.033388, 1.1875241
-0.7278373, 7.1730285, 1.8483237
-0.47884035, 7.1155677, 0.545878
-1.0247183, 5.592855, 1.733402
-2.0398598, 5.3438582, 3.083732
-3.3039982, 5.161899, 3.4572272
0.34476504, 5.841852, 4.4244847
-3.763685, 18.92377, 4.606444
0.8810662, 7.603985, 1.436521
1.9057846, 10.304645, -0.095768064
0.38307226, 12.871228, -0.45968673
-1.8866309, 9.184157, 1.3503298
0.02873042, 7.2783732, 0.8331822
1.7046716, 7.9487495, 0.11492168
-0.08619126, 8.523358, -2.2218192
1.5131354, 8.7532015, 0.8331822
2.231396, 9.825804, 0.62249243
1.6184803, 10.01734, -0.23942018
0.49799395, 8.762778, -1.2162545
1.7621324, 10.496181, -1.13964
0.60333884, 10.5919485, -0.7661445
-2.0494366, 11.798626, 0.2681506
-0.48841715, 14.259866, -0.62249243
0.94810385, 12.98615, -1.6663644
2.087744, 11.051635, -0.62249243
1.5897499, 12.650962, -0.17238252
-0.38307226, 11.530476, -1.1587936
0.16280572, 12.947843, -1.6376339
5.161899, 10.390836, 0.19153613
1.0247183, 9.758766, -0.20111294
2.1739352, 4.6926355, -1.0726024
2.9113493, 4.501099, -0.45968673
2.2505496, 7.651869, -0.076614454
1.2162545, 8.7053175, 0.5554548
1.982399, 7.345411, 1.3311762
0.7278373, 9.433155, 2.6527755
-2.5474305, 12.105083, 8.312668
-4.8745947, 8.743625, 1.8674773
5.6790466, 14.422671, -0.90979666
2.6719291, 8.628703, 4.4723687
-2.882619, 9.797073, -2.0207062
-1.0055647, 10.400413, -1.5897499
3.4476504, 9.414001, 1.0247183
3.9935284, 10.055647, 0.78529817
0.31603462, 8.00621, -2.078167
1.5610195, 9.595961, -1.1109096
0.62249243, 11.022904, 0.2873042
1.043872, 9.969456, 1.340753
-0.009576807, 10.1226845, -1.0821792
1.3120226, 9.346964, -0.80445176
1.934515, 9.739613, 0.24899697
1.2641385, 10.43872, -2.5570073
1.436521, 8.504205, -1.8195933
0.2681506, 10.888829, -0.5267244
2.8538885, 10.572795, 2.6431987
2.6431987, 10.5919485, -0.7278373
-2.0207062, 11.453861, -0.89064306
3.1411927, 10.697293, 2.1068976
1.541866, 9.682152, -1.3982137
-0.9672575, 8.504205, -0.1340753
-0.047884032, 8.054094, 1.4460979
0.7565677, 9.232041, 1.6663644
-0.23942018, 11.176133, 1.8579005
0.51714754, 9.998186, 0.1436521
4.759673, 9.998186, -1.6567876
8.695741, 10.927136, 2.6144683
1.3311762, 8.619126, -0.62249243
-1.8962077, 8.772355, -1.7812861
-1.1683705, 9.586384, 0.5363012
2.7868507, 9.873688, -0.5267244
0.21068975, 10.91756, -0.08619126
-1.532289, 9.749189, -0.46926352
0.6799533, 10.0748005, 0.48841715
0.7469909, 10.04607, -0.5267244
0.7374141, 10.007763, -1.2354081
2.078167, 9.691729, -0.94810385
2.3463178, 9.758766, -0.39264908
2.6623523, 9.998186, -0.25857377
1.1587936, 9.835381, 0.1340753
1.5705963, 9.77792, -0.37349546
1.436521, 10.055647, -0.9576807
1.0247183, 9.586384, -0.7374141
1.8387469, 9.155427, -0.34476504
4.223372, 9.509769, 0.35434186
