-3.9743748, 10.67814, -1.6663644
-2.815581, 8.983045, -1.13964
0.076614454, 9.471462, -0.23942018
-1.3024458, 7.824251, -0.8714894
-0.18195933, 10.773908, -1.0630256
-0.31603462, 8.169016, 1.7046716
-2.719813, 7.4603324, -1.0247183
2.078167, 11.262324, 4.232949
-3.5338416, 9.662998, 2.5953147
-2.5378537, 11.022904, -2.3175871
-0.02873042, 16.203957, -0.50757074
-1.6663644, 12.564771, 2.9113493
-2.4420857, 12.076353, 2.9783869
-1.9249382, 10.658986, 3.5529952
-1.8195933, 6.5026517, 3.3997664
-0.94810385, 7.872135, 2.882619
-0.48841715, 5.3342814, 2.6431987
-1.2641385, 5.171476, 2.815581
-0.30645782, 5.3247046, 2.1164744
0.21068975, 6.4164605, 1.7238252
1.2162545, 6.5122285, 1.5514427
2.4420857, 6.1770406, 2.9017725
0.80445176, 7.565677, 2.27928
-0.1436521, 11.568783, 4.0892963
0.47884035, 10.697293, 4.4340615
1.3599066, 11.683704, 4.0797195
-0.8619126, 10.793061, 2.183512
-1.3120226, 11.300632, 4.6830587
1.8674773, 11.003751, -2.5187001
-3.3901896, 11.884817, -4.060566
-5.353435, 11.865664, 3.964798
1.0151415, 8.724471, -4.501099
-2.0973208, 13.618219, -9.3661175
-1.2449849, 9.787497, 11.224017
1.6376339, 10.457873, -3.1316159
-0.2777274, 10.151415, 1.9057846
-1.0821792, 8.647857, 2.528277
1.2737153, 9.605537, 0.842759
1.7429788, 8.63828, 1.2354081
-1.2354081, 7.28795, 0.6895301
-1.292869, 8.561666, 1.3024458
0.7086837, 8.925584, -0.46926352
-0.16280572, 9.730036, 9.040505
-1.5801731, 14.882358, 2.231396
1.388637, 16.615759, 0.6991069
2.1260512, 12.315774, 1.6567876
-0.37349546, 11.942278, 4.098873
0.39264908, 7.038953, 2.633622
-0.7469909, 5.3821654, 2.633622
-0.45010993, 4.7884035, 2.087744
-0.08619126, 5.506664, 0.19153613
1.043872, 6.799533, 1.9057846
1.4460979, 8.360553, 2.633622
2.4612393, 9.892841, 3.0071173
1.0630256, 9.279925, 3.1411927
-0.02873042, 9.758766, 4.5394063
-1.484405, 10.477027, 3.3806129
-0.7757214, 9.931149, 3.0262709
0.34476504, 11.089942, 4.280833
0.9672575, 11.645397, -4.2904096
-1.0342951, 16.40507, -1.1300632
-2.8538885, 9.643845, -0.90021986
-0.08619126, 13.043611, -0.60333884
-0.9768343, 10.553641, -2.3750482
0.10534488, 9.212888, 1.9728222
0.7661445, 10.160992, 1.0821792
-0.038307227, 8.561666, -0.5746084
-1.2258313, 8.437167, 4.5872903
0.18195933, 8.762778, 2.3654714
-0.6991069, 7.441179, 1.9249382
-0.641646, 7.680599, -1.2162545
2.528277, 11.042058, 6.3781533
-5.602432, 12.545617, 4.3766007
-0.81402856, 15.44739, 1.3503298
-1.8100165, 14.250289, 2.882619
-1.3982137, 10.994174, 3.3806129
-2.4516625, 7.52737, 2.8538885
-1.934515, 4.9416323, 2.566584
-2.7389667, 4.663905, 3.0262709
-2.0111294, 5.2863975, 0.6799533
0.23942018, 7.52737, 1.1013328
-0.6991069, 8.801085, 1.0055647
0.5554548, 9.3661175, 3.6870706
0.46926352, 9.481039, 2.96881
-1.5227122, 9.174581, 3.3327289
0.038307227, 8.66701, 5.9663506
-2.0111294, 9.3661175, 4.271256
2.3175871, 14.528016, -1.7812861
0.7374141, 15.131354, -4.999093
-2.5091233, 12.756307, -0.7086837
0.1340753, 9.662998, -2.2409728
-2.2601264, 14.355634, -3.2752678
-3.169923, 10.103531, 3.2082303
2.2601264, 10.869676, -1.4269443
1.2258313, 10.247183, 0.1340753
-1.091756, 8.1402855, 3.8115692
-1.7046716, 8.887277, 2.7868507
1.9536686, 8.446744, 6.8282633
-3.2465374, 8.418014, 0.4405331
0.22026655, 8.350976, -1.1875241
-2.7868507, 8.1881695, 4.6830587
-2.9975405, 12.392388, 5.6215854
-0.1340753, 16.816874, 1.292869
-0.17238252, 12.899959, 2.8538885
-1.0055647, 12.220005, 3.2465374
-1.5227122, 8.1881695, 3.1316159
-1.9728222, 5.5641246, 2.9017725
-2.0494366, 4.759673, 1.5035586
-0.29688102, 6.5505357, 0.9672575
-0.06703765, 7.795521, 0.45010993
-0.19153613, 8.686164, 1.4077905
0.076614454, 9.662998, 3.5434184
0.4405331, 10.371682, 5.6120086
-0.25857377, 9.595961, 3.5625722
-0.58418524, 9.299079, 1.6663644
1.1875241, 12.670115, -1.7812861
-3.6583402, 15.035586, 0.35434186
-1.436521, 12.095507, -2.0207062
-0.24899697, 15.763424, -1.3982137
-1.6759412, 10.055647, -2.2409728
0.59376204, 9.193734, -0.60333884
1.5131354, 9.452309, 2.2601264
-1.1013328, 9.155427, 0.36391866
-0.19153613, 9.662998, 1.8770541
-0.2681506, 9.56723, 0.91937345
0.9576807, 9.11712, 4.1180267
-4.146757, 7.192182, 0.9576807
-0.51714754, 7.52737, -2.96881
0.21068975, 8.082825, 3.620033
-3.3518825, 13.685257, 4.271256
0.80445176, 17.640478, 1.6950948
-1.1492168, 13.101071, 0.91937345
-1.0342951, 11.9135475, 1.2066777
-2.327164, 7.699753, 2.719813
-2.1930888, 7.144298, 2.1930888
-2.2888567, 6.339846, 1.9919758
-1.0342951, 7.517793, 2.1260512
-1.2162545, 7.1251445, 1.6184803
-0.7757214, 8.312668, 1.7908629
-1.5227122, 8.312668, 2.2601264
-0.81402856, 8.379706, 3.3997664
-1.9919758, 8.781932, 2.0398598
-1.0630256, 7.9008656, 2.681506
-1.4460979, 8.37013, 1.8674773
-0.8619126, 10.611102, 3.323152
-1.9728222, 14.54717, -0.90021986
-5.21936, 11.683704, -7.153875
-0.641646, 12.018892, 0.08619126
0.29688102, 13.972561, -1.1492168
-1.4748282, 9.710882, -1.9919758
2.2026656, 9.787497, -1.982399
2.231396, 9.864111, -0.7182605
-1.733402, 9.14585, 2.834735
-1.9440918, 9.490616, 0.8523358
-1.1875241, 10.065224, -1.436521
-0.4309563, 10.582372, 0.076614454
-0.05746084, 9.557653, -1.0726024
-0.2681506, 9.356541, -1.6472107
-1.1204864, 10.601525, -2.0111294
-2.0207062, 9.308656, -1.8483237
-1.8195933, 9.165004, -2.3750482
-1.8962077, 9.80665, -1.7142484
-2.1547816, 10.28549, -0.6799533
-1.934515, 11.109096, 4.7405195
-1.7238252, 9.078813, -3.6296098
-2.1068976, 9.241618, -2.7102363
-2.6431987, 9.931149, -1.4939818
-3.074155, 9.595961, -1.0151415
-2.432509, 8.839393, -1.1587936
-2.0685902, 9.931149, -2.1739352
-2.2218192, 9.308656, -1.1683705
-2.566584, 9.576807, -1.0055647
-2.4995465, 9.548077, -1.1109096
-1.9632454, 9.624691, -1.3120226
-2.2697031, 9.739613, -1.4652514
-2.7485435, 9.500193, -1.4460979
-2.4899697, 9.375694, -1.4556746
-2.6048915, 9.615114, -1.3311762
-2.0398598, 9.471462, -1.0821792
-2.27928, 9.576807, -1.4269443
-2.4516625, 9.615114, -1.1971009
