-0.641646, 9.864111, 0.4213795
-0.7661445, 9.77792, 0.9864111
-1.4460979, 10.132261, -0.16280572
-2.183512, 9.528923, 0.78529817
-2.1930888, 9.931149, 1.0055647
-1.3311762, 9.021352, 0.4309563
-2.4708161, 9.404425, 0.48841715
-3.1986535, 10.113108, 0.7661445
-2.27928, 9.308656, 0.62249243
-2.4420857, 9.232041, 0.38307226
-2.4133554, 10.04607, 0.095768064
-2.72939, 10.093954, -0.1340753
-3.1316159, 9.883265, 0.36391866
-3.466804, 9.653421, 0.41180268
-3.3614593, 10.6398325, 0.31603462
-2.9592333, 11.827356, -0.17238252
-2.719813, 12.842498, 0.095768064
-2.7102363, 15.2367, -1.4077905
-1.292869, 10.352529, 0.15322891
-0.94810385, 11.722012, -0.51714754
-0.90021986, 10.793061, -0.32561144
-0.17238252, 10.371682, 0.19153613
0.7086837, 9.260772, -0.641646
1.6280571, 8.504205, 1.1204864
0.9959879, 7.642292, 0.5746084
-0.23942018, 6.4739213, -0.08619126
0.17238252, 7.3166804, 1.4460979
0.7278373, 8.054094, 1.4556746
0.93852705, 7.642292, 2.0685902
0.11492168, 8.159439, 3.514688
-0.5267244, 8.121132, 4.261679
0.5363012, 8.283937, 3.3423057
0.6703765, 18.253393, 1.0151415
-0.12449849, 9.069236, 0.39264908
-0.19153613, 8.408437, -0.009576807
0.15322891, 10.563218, -0.92895025
0.6799533, 8.619126, 1.1492168
-1.3024458, 7.680599, -0.2873042
-1.8483237, 8.101978, -1.3503298
-0.17238252, 8.42759, -0.9959879
0.60333884, 10.831368, -0.90021986
-0.6991069, 9.5385, -0.6991069
-1.4939818, 8.542512, -0.90021986
-1.5514427, 10.228029, -1.1587936
-1.6184803, 11.166556, 0.6703765
-1.2449849, 12.181698, -0.37349546
-1.388637, 13.694834, -2.920926
0.2777274, 13.2351465, -2.9496565
1.6472107, 11.319786, -1.6376339
0.93852705, 11.482592, -0.545878
-0.93852705, 11.453861, 0.91937345
-0.24899697, 11.080365, -1.0247183
0.5650316, 9.691729, -1.7908629
1.733402, 9.768343, 1.2449849
1.5801731, 6.694188, -0.8810662
0.24899697, 5.449203, -0.18195933
0.51714754, 7.565677, 0.5267244
1.7429788, 7.192182, 2.0111294
1.2545617, 7.8146744, 2.3080103
0.59376204, 8.283937, 3.3806129
0.22984336, 8.781932, 4.146757
2.719813, 10.716447, 1.8100165
0.9576807, 14.738706, 0.30645782
0.4405331, 10.457873, 0.5554548
-0.19153613, 10.28549, -0.50757074
1.4652514, 8.772355, -0.22026655
1.3024458, 9.212888, -0.35434186
-0.29688102, 9.691729, -0.05746084
-0.25857377, 8.552089, -0.7757214
0.2873042, 8.0445175, -2.1068976
0.31603462, 9.873688, -0.60333884
-0.80445176, 8.322245, 0.05746084
-0.22026655, 9.241618, -1.3599066
0.038307227, 12.239159, -1.13964
-0.82360536, 12.852075, -0.34476504
-0.31603462, 13.273455, -0.7374141
-1.340753, 12.670115, -2.7485435
1.4269443, 10.6398325, -2.4420857
2.5091233, 11.999739, -1.1875241
0.58418524, 11.224017, -0.58418524
-0.35434186, 11.827356, 1.6376339
1.2737153, 8.178593, -0.48841715
-0.047884032, 6.847417, 0.4405331
1.292869, 6.483498, 1.1492168
1.3694834, 5.2480903, 0.34476504
1.2737153, 8.504205, 0.5746084
2.2122424, 9.279925, 2.183512
2.5091233, 8.63828, 1.7142484
2.2888567, 9.481039, 3.122039
2.27928, 9.787497, 2.4708161
3.6966474, 14.470555, -2.1164744
2.1547816, 11.262324, -1.1492168
1.1109096, 7.07726, -0.6991069
1.0151415, 9.356541, -0.8619126
1.1109096, 10.840945, 0.6607997
0.16280572, 7.4986396, 1.4556746
-0.51714754, 7.0006456, 0.7565677
-0.1340753, 7.881712, -0.6607997
1.0534488, 9.32781, -1.3120226
0.62249243, 10.266336, -0.15322891
-1.6472107, 9.069236, 0.009576807
-1.6759412, 9.232041, -1.3024458
-0.5267244, 12.181698, -1.3120226
0.842759, 12.77546, -0.47884035
0.48841715, 13.618219, -2.327164
-0.22026655, 12.919112, -3.3806129
2.4420857, 11.482592, -2.4229321
2.96881, 11.032481, -1.6472107
1.3311762, 11.319786, -0.45968673
-1.0247183, 10.620679, 0.92895025
1.292869, 9.672575, -1.0151415
2.0398598, 7.383718, -1.0342951
1.340753, 7.73806, 0.06703765
1.9728222, 5.93762, 0.37349546
1.982399, 6.8282633, 0.8619126
1.2258313, 8.264784, 1.7908629
2.7964275, 9.097966, 2.6910827
3.1124623, 8.101978, 2.5091233
3.4093432, 7.73806, 2.5761611
2.2409728, 9.720459, 4.1180267
3.4093432, 12.976573, 0.5363012
2.719813, 13.311762, 0.7661445
1.2737153, 8.628703, 0.18195933
1.2066777, 8.791509, -0.6895301
1.9153614, 10.314221, -0.21068975
0.47884035, 9.375694, 0.9864111
-0.4309563, 7.747637, 0.34476504
-0.11492168, 7.795521, -0.24899697
-0.02873042, 7.9966335, -1.2162545
0.8810662, 9.050082, -0.7278373
0.62249243, 9.605537, 0.45010993
-0.92895025, 9.337387, -0.90979666
-0.40222588, 10.093954, -1.4939818
-0.15322891, 10.802638, -0.9768343
0.25857377, 11.798626, -1.7046716
1.4460979, 12.880805, -2.183512
-0.80445176, 12.928689, -2.5378537
1.3120226, 13.321339, -3.083732
2.3558946, 11.549629, -3.169923
1.4939818, 10.7356, -2.1260512
0.7565677, 11.463438, 0.2777274
1.3311762, 11.750742, 1.2354081
1.283292, 10.1226845, -1.0726024
0.51714754, 7.7189064, -0.49799395
1.1109096, 8.130709, 1.3024458
2.5474305, 4.606444, -0.15322891
1.7717092, 6.6367273, 0.2873042
2.633622, 9.030929, 1.1683705
3.7349546, 9.155427, 2.0015526
2.4899697, 6.6079965, 1.8483237
1.9919758, 6.9048777, 2.6910827
1.6472107, 7.0964136, 3.8594532
0.8523358, 8.015787, 4.5681367
3.1124623, 13.378799, 6.1387334
4.6255975, 13.302185, 1.1875241
2.815581, 10.524911, 2.4612393
1.8579005, 9.5385, -0.94810385
2.4516625, 10.831368, -1.8291701
3.1316159, 9.77792, -0.7469909
1.8387469, 6.8186865, -0.5363012
0.6607997, 7.0006456, -0.7374141
0.076614454, 8.810662, -0.047884032
0.94810385, 8.743625, -0.545878
1.6759412, 9.605537, -0.89064306
2.4420857, 8.935161, -0.7374141
1.292869, 9.844957, -0.47884035
0.51714754, 10.419566, -0.7374141
1.5227122, 9.835381, 0.1340753
1.5227122, 9.80665, 0.38307226
1.8962077, 10.28549, -0.89064306
1.8100165, 9.662998, -1.541866
3.1028855, 9.902418, -0.5650316
2.3654714, 9.14585, 0.076614454
0.79487497, 8.446744, -0.842759
1.2737153, 9.931149, -1.7046716
3.1986535, 11.15698, -0.5650316
4.0892963, 9.3661175, -1.0534488
2.7581203, 9.232041, -0.63206923
1.9249382, 9.212888, -0.46926352
1.5035586, 9.739613, -0.39264908
2.3080103, 10.266336, -0.5746084
2.6048915, 9.586384, -0.50757074
2.3175871, 9.32781, -0.4405331
1.733402, 9.825804, -0.10534488
1.4556746, 9.883265, -0.1436521
1.541866, 9.710882, -0.21068975
1.7812861, 9.739613, -0.16280572
1.9919758, 9.797073, -0.22984336
1.7908629, 9.873688, -0.33518824
1.6472107, 9.825804, -0.19153613
1.9057846, 9.701305, -0.5650316
1.8962077, 9.749189, -0.20111294
2.0590134, 9.739613, -0.46926352
1.9728222, 9.730036, -0.4309563
1.934515, 9.730036, -0.36391866
1.9440918, 9.739613, -0.32561144
1.8770541, 9.768343, -0.29688102
1.8483237, 9.758766, -0.30645782
1.8100165, 9.739613, -0.11492168
1.7525556, 9.768343, -0.05746084
1.7429788, 9.844957, -0.076614454
1.685518, 9.844957, -0.1340753
1.7812861, 9.739613, -0.009576807
1.7812861, 9.758766, 0.038307227
