-0.93852705, 9.701305, -1.934515
-0.60333884, 9.739613, -1.8004397
-0.61291564, 9.720459, -2.078167
-0.5267244, 9.682152, -2.1260512
-0.49799395, 9.662998, -1.9919758
-0.48841715, 9.672575, -1.9057846
-0.5267244, 9.691729, -1.9153614
-0.32561144, 9.902418, -1.7717092
-0.05746084, 9.873688, -1.5897499
0.25857377, 9.835381, -1.685518
0.15322891, 9.969456, -1.5227122
-0.16280572, 9.289502, -1.8387469
0.076614454, 9.337387, -1.685518
0.22026655, 9.212888, -1.3311762
-0.2777274, 9.911995, -2.1452048
-0.24899697, 9.56723, -1.5705963
0.33518824, 9.433155, -0.8810662
0.79487497, 9.203311, -0.095768064
1.6950948, 8.456321, -0.4213795
2.231396, 8.475474, -0.49799395
3.1603463, 8.599973, -0.35434186
3.964798, 7.9391727, 0.33518824
4.510676, 7.192182, -0.11492168
5.4204726, 7.2592196, -0.50757074
6.703765, 5.592855, -0.46926352
7.4507556, 5.9184666, 0.05746084
7.07726, 6.751649, 0.9576807
7.7572136, 5.8801594, 2.0685902
8.619126, 5.046977, 3.1507695
10.745177, 5.401319, 3.7062242
8.619126, 2.6527755, 2.815581
7.2687964, -1.3599066, 2.27928
7.8146744, -2.2409728, 1.3311762
6.7803793, -1.3311762, 0.641646
5.1235914, -4.6351743, 2.2697031
8.159439, -18.090588, 8.868123
8.983045, -10.572795, 5.841852
16.577452, 8.542512, -1.6089035
8.015787, 12.133814, -1.4748282
4.5872903, -5.209783, 5.439626
14.824897, -4.0797195, 12.670115
8.676587, -3.265691, 4.9703627
6.1866174, -3.5817258, 0.5650316
5.765238, -1.6184803, 0.33518824
8.101978, -3.4955344, 2.873042
9.193734, -2.4995465, -4.7788267
10.496181, -3.9360676, -2.384625
6.751649, -6.3589997, 7.3549876
6.9048777, -6.943185, -1.5705963
6.1770406, -7.144298, -1.9153614
6.4643445, -7.0102224, 1.3694834
7.4507556, -6.655881, 2.2122424
7.2113357, -5.717354, 2.0207062
6.5984197, -5.947197, 1.1779473
7.038953, -5.4683566, 2.1547816
7.872135, -4.4723687, 2.183512
9.078813, -3.41892, 2.930503
8.456321, -3.2273839, 3.6104562
7.7572136, -4.213795, 3.6583402
7.642292, -4.9320555, 3.1411927
7.824251, -4.2425256, 2.9400797
8.552089, -2.6240451, 2.96881
8.226477, -2.3175871, 2.815581
9.11712, -1.934515, 3.5913026
9.232041, -2.1068976, 3.6774938
9.059659, -1.8195933, 4.060566
8.63828, -1.9249382, 4.3478703
8.465898, -0.9768343, 4.462792
9.002198, -0.047884032, 4.453215
8.446744, -0.019153614, 4.271256
7.97748, 0.4405331, 4.31914
8.255207, 0.48841715, 5.2768207
8.341399, 0.34476504, 4.8458643
8.887277, 0.7278373, 5.4683566
9.433155, 2.087744, 5.267244
8.66701, 1.1779473, 5.6215854
7.7093296, 1.5227122, 5.4300494
7.8529816, 1.1204864, 4.9416323
9.021352, 1.6663644, 5.363012
8.686164, 1.5035586, 5.257667
8.264784, 0.90021986, 4.7979803
8.054094, 0.60333884, 5.2002063
8.063671, 0.8523358, 5.305551
8.236053, 0.90021986, 4.951209
8.207323, 1.0055647, 5.1906295
8.24563, 1.1683705, 5.3342814
8.025364, 1.13964, 5.3342814
8.00621, 1.0151415, 5.3342814
7.8529816, 0.92895025, 5.363012
7.833828, 0.91937345, 5.410896
7.8050976, 1.0055647, 5.497087
7.843405, 1.0055647, 5.4204726
7.795521, 0.91937345, 5.592855
7.747637, 0.9768343, 5.66947
7.920019, 1.1587936, 5.544971
7.7572136, 1.1779473, 5.5162406
7.7189064, 1.2737153, 5.7365074
7.8050976, 1.3024458, 5.5737014
7.8146744, 1.3024458, 5.6215854
7.7572136, 1.2545617, 5.631162
7.785944, 1.292869, 5.5258174
7.881712, 1.3024458, 5.497087
7.9966335, 1.3599066, 5.5258174
7.967903, 1.340753, 5.497087
8.025364, 1.3599066, 5.449203
8.00621, 1.340753, 5.4779334
8.015787, 1.340753, 5.401319
7.9391727, 1.2545617, 5.3438582
8.0445175, 1.388637, 5.45878
8.063671, 1.532289, 5.391742
8.0445175, 1.4173675, 5.439626
7.9583263, 1.388637, 5.4779334
7.929596, 1.436521, 5.497087
7.929596, 1.436521, 5.439626
7.9487495, 1.532289, 5.497087
7.8529816, 1.5705963, 5.506664
7.872135, 1.4556746, 5.48751
7.872135, 1.5035586, 5.602432
7.843405, 1.5514427, 5.5162406
7.795521, 1.532289, 5.583278
7.73806, 1.5131354, 5.6120086
7.7667904, 1.6184803, 5.554548
7.7667904, 1.5897499, 5.6120086
7.7667904, 1.5514427, 5.602432
7.728483, 1.5897499, 5.6407394
7.7093296, 1.6089035, 5.554548
7.642292, 1.5227122, 5.592855
7.651869, 1.5993267, 5.6407394
7.690176, 1.6280571, 5.6215854
7.680599, 1.6663644, 5.6982
7.747637, 1.7812861, 5.7269306
7.795521, 1.982399, 5.765238
7.7189064, 2.078167, 5.7843914
7.6231384, 2.087744, 5.813122
7.5561004, 2.0685902, 5.746084
7.632715, 1.9249382, 5.6982
7.6614456, 1.8387469, 5.6982
7.642292, 1.8004397, 5.755661
7.7189064, 1.8291701, 5.765238
7.642292, 1.9153614, 5.841852
7.52737, 1.9919758, 5.793968
7.479486, 1.9632454, 5.889736
7.441179, 1.9440918, 5.9280434
7.4603324, 1.9249382, 5.947197
7.469909, 1.9728222, 5.8801594
7.479486, 2.0207062, 5.841852
7.517793, 1.9440918, 5.889736
7.5561004, 2.0015526, 5.8705826
7.517793, 2.0207062, 5.851429
7.479486, 2.030283, 5.8226986
7.489063, 1.9632454, 5.90889
7.489063, 1.982399, 5.889736
7.479486, 2.0207062, 5.8705826
7.469909, 2.0207062, 5.861006
7.4986396, 2.0590134, 5.8322754
7.4986396, 2.0207062, 5.861006
7.4986396, 2.087744, 5.8322754
7.517793, 2.078167, 5.8322754
7.52737, 2.0973208, 5.899313
7.5082164, 2.1164744, 5.899313
7.489063, 2.1068976, 5.841852
7.5082164, 2.1164744, 5.803545
7.536947, 2.0973208, 5.813122
7.565677, 2.1547816, 5.793968
7.5561004, 2.1930888, 5.803545
7.5561004, 2.1452048, 5.765238
7.52737, 2.1164744, 5.803545
7.5944076, 2.1930888, 5.8801594
7.517793, 2.2026656, 5.717354
7.4986396, 2.1260512, 5.7365074
7.5082164, 2.1643584, 5.851429
7.603985, 2.2122424, 5.8322754
7.5944076, 2.1547816, 5.7748146
7.479486, 2.2218192, 5.7365074
7.479486, 2.1930888, 5.813122
7.479486, 2.1930888, 5.793968
7.4986396, 2.1930888, 5.813122
7.431602, 2.2122424, 5.841852
7.479486, 2.2697031, 5.8226986
7.5082164, 2.3463178, 5.793968
7.5082164, 2.3463178, 5.8226986
7.5082164, 2.3080103, 5.813122
7.489063, 2.3558946, 5.8226986
7.489063, 2.2505496, 5.717354
7.4507556, 2.2984335, 5.813122
7.479486, 2.3942018, 5.765238
7.4507556, 2.3175871, 5.7748146
7.431602, 2.2601264, 5.8322754
7.469909, 2.3654714, 5.813122
7.489063, 2.4037786, 5.7748146
7.4124484, 2.336741, 5.717354
7.4603324, 2.384625, 5.7843914
7.5082164, 2.4229321, 5.7843914
7.4986396, 2.3654714, 5.707777
7.489063, 2.3942018, 5.841852
7.431602, 2.4037786, 5.765238
7.431602, 2.4229321, 5.7748146
7.4507556, 2.4037786, 5.765238
7.479486, 2.3750482, 5.7748146
7.4507556, 2.4229321, 5.793968
7.4603324, 2.4037786, 5.7843914
7.489063, 2.4420857, 5.793968
7.4603324, 2.4420857, 5.755661
7.4028716, 2.3558946, 5.746084
7.422025, 2.4229321, 5.841852
7.4507556, 2.384625, 5.851429
7.422025, 2.4708161, 5.7269306
7.4028716, 2.4420857, 5.7748146
7.4028716, 2.480393, 5.841852
7.441179, 2.5091233, 5.841852
7.383718, 2.5187001, 5.841852
7.383718, 2.4708161, 5.8801594
7.383718, 2.4708161, 5.8801594
7.335834, 2.4899697, 5.803545
7.4124484, 2.585738, 5.841852
7.3645644, 2.5378537, 5.813122
7.345411, 2.5091233, 5.8801594
7.374141, 2.5187001, 5.851429
7.374141, 2.5378537, 5.755661
7.2783732, 2.5187001, 5.746084
