4.2042184, 8.887277, -1.2258313
4.8362875, 8.724471, -1.1204864
4.596867, 8.714894, -0.9959879
4.462792, 8.858546, -1.532289
4.807557, 8.7532015, -1.3790601
5.142745, 9.030929, -1.3120226
4.510676, 8.580819, -1.2641385
4.405331, 8.465898, -1.3982137
5.161899, 9.069236, -0.6895301
4.414908, 9.059659, -1.4556746
4.2425256, 9.059659, -1.283292
4.2042184, 9.184157, -1.3311762
4.2904096, 9.241618, -1.4269443
4.2042184, 9.069236, -0.9768343
4.5777135, 9.3182335, 0.10534488
3.715801, 6.4739213, -2.1739352
4.0701427, 7.9391727, 1.4939818
1.9153614, 8.676587, 0.06703765
1.733402, 11.463438, 2.1547816
4.3766007, 8.197746, 3.572149
0.80445176, 2.7006595, 3.7062242
1.1492168, 6.3589997, 5.0182467
-1.5610195, 6.9144545, 4.9799395
0.9672575, 3.7062242, 4.3957543
-1.7621324, 7.8146744, 8.00621
-2.8538885, 4.462792, 6.2345014
1.3024458, 0.9864111, 8.781932
-3.0071173, 4.185065, 10.601525
-4.4723687, -0.41180268, 6.694188
-0.89064306, -3.1890767, 6.1387334
-5.861006, -2.1164744, 7.7093296
-16.156073, -17.266983, 15.638926
-1.2258313, -6.9144545, 4.596867
-3.016694, -3.2082303, 7.8529816
-6.167464, -2.0207062, 0.2681506
9.251195, 7.345411, 11.118672
-6.7708025, -4.6160207, 6.588843
-7.642292, -11.9614315, 15.859192
-2.719813, -6.157887, 4.5777135
-1.8962077, -4.8267107, 3.4093432
-5.353435, -1.6184803, 2.7485435
-2.9783869, -3.2561142, 3.8115692
0.32561144, -8.0445175, 8.437167
-0.16280572, -10.505757, 0.10534488
-0.60333884, -16.22311, 5.353435
-5.9759274, -2.633622, 6.205771
-3.6583402, -6.2632318, 6.2345014
-3.083732, -7.019799, 6.1100025
-1.2449849, -4.817134, 7.201759
0.94810385, -4.6160207, 6.9048777
-0.50757074, -3.1986535, 3.4476504
-1.8962077, -1.4077905, 5.3438582
-4.453215, 1.6567876, 11.080365
-10.400413, 3.7445314, 14.872781
-6.090849, 9.097966, 16.970102
2.2218192, 1.6759412, 1.1492168
-4.4340615, -0.90979666, 7.5465236
-8.762778, 1.0534488, 8.676587
-6.3589997, 0.80445176, 9.184157
-5.257667, 2.1164744, 9.500193
-4.2042184, 0.5363012, 7.3071036
-5.2480903, -0.076614454, 7.441179
-3.8498764, 1.13964, 9.433155
-3.5529952, 1.685518, 10.055647
-3.5529952, 1.0534488, 8.475474
-4.0318356, 0.32561144, 7.97748
-3.7445314, 0.90021986, 8.7053175
-3.7924154, 1.2162545, 9.14585
-3.5625722, 1.2162545, 8.896853
-4.003105, 0.81402856, 8.465898
-4.1276035, 0.7565677, 8.523358
-4.3766007, 0.8523358, 8.599973
-4.3766007, 1.0630256, 8.7532015
-4.261679, 1.2066777, 8.714894
-4.146757, 1.0342951, 8.532935
-4.1371803, 1.0534488, 8.63828
-4.1276035, 0.9576807, 8.695741
-3.9935284, 0.9768343, 8.7053175
-3.9552212, 0.92895025, 8.599973
-4.012682, 0.8331822, 8.63828
-4.003105, 0.94810385, 8.676587
-4.012682, 0.9768343, 8.63828
-4.060566, 0.9672575, 8.724471
-4.0892963, 1.0247183, 8.7053175
-4.1276035, 0.9864111, 8.66701
-4.146757, 0.9672575, 8.599973
-4.0892963, 1.0342951, 8.647857
-4.012682, 1.0055647, 8.6574335
-4.0701427, 0.90979666, 8.695741
-4.012682, 0.94810385, 8.676587
-4.0222588, 1.0055647, 8.63828
-4.0892963, 0.9576807, 8.63828
-4.0701427, 0.9864111, 8.686164
-4.0701427, 0.9864111, 8.66701
-4.0892963, 0.94810385, 8.66701
-4.060566, 0.94810385, 8.63828
-4.0701427, 0.9768343, 8.676587
-4.060566, 1.0055647, 8.7053175
-4.0318356, 0.9768343, 8.66701
-4.012682, 1.0342951, 8.66701
-4.012682, 0.90021986, 8.695741
-4.012682, 0.93852705, 8.63828
-4.0414124, 1.0151415, 8.676587
-4.0797195, 0.9768343, 8.686164
-4.0318356, 1.0151415, 8.676587
-4.1180267, 0.90979666, 8.66701
-4.098873, 1.0151415, 8.647857
-4.050989, 1.0055647, 8.6574335
-4.0701427, 0.94810385, 8.6574335
-4.0414124, 0.9768343, 8.66701
-4.050989, 0.9864111, 8.6095495
-4.0701427, 0.93852705, 8.619126
-4.0318356, 1.0726024, 8.743625
-4.0222588, 0.94810385, 8.676587
-4.0797195, 0.9768343, 8.676587
-4.050989, 0.91937345, 8.66701
-4.0892963, 0.9959879, 8.66701
-4.060566, 0.9959879, 8.743625
-4.050989, 1.0151415, 8.66701
-4.0414124, 0.9768343, 8.686164
-4.050989, 0.89064306, 8.7053175
-4.0797195, 0.93852705, 8.66701
-3.9839516, 1.0247183, 8.66701
-4.060566, 1.0151415, 8.686164
-4.0701427, 0.93852705, 8.714894
-4.0222588, 1.0151415, 8.676587
-4.0318356, 0.9576807, 8.7053175
-4.1180267, 0.92895025, 8.66701
-4.050989, 0.9768343, 8.63828
-4.0701427, 0.92895025, 8.628703
-3.9935284, 0.9959879, 8.63828
-4.0318356, 1.0342951, 8.676587
-3.9935284, 1.0151415, 8.676587
-4.003105, 0.9672575, 8.619126
-4.012682, 0.9864111, 8.7053175
-4.060566, 0.94810385, 8.676587
-4.050989, 1.0055647, 8.647857
-4.098873, 0.9959879, 8.63828
-4.050989, 0.90021986, 8.686164
-4.0414124, 1.0151415, 8.676587
-3.964798, 0.9576807, 8.647857
-4.0701427, 0.9576807, 8.714894
-4.060566, 0.9672575, 8.686164
-3.9935284, 0.9576807, 8.695741
-4.012682, 1.0151415, 8.676587
-4.050989, 0.9672575, 8.714894
-4.012682, 1.0055647, 8.686164
-4.050989, 0.9672575, 8.686164
-4.0892963, 0.9672575, 8.7053175
-4.0222588, 0.9864111, 8.676587
-4.0414124, 0.9959879, 8.7053175
-4.0222588, 0.9864111, 8.63828
-4.10845, 0.93852705, 8.724471
-4.0222588, 1.043872, 8.66701
-4.012682, 1.0151415, 8.695741
-4.0892963, 0.93852705, 8.66701
-4.0701427, 1.0055647, 8.695741
-4.012682, 1.0055647, 8.724471
-4.012682, 1.0342951, 8.63828
-4.050989, 0.9576807, 8.714894
-4.0701427, 0.9959879, 8.734048
-4.0414124, 0.92895025, 8.66701
-4.0414124, 0.93852705, 8.695741
-3.9935284, 0.9864111, 8.647857
-4.0222588, 1.0055647, 8.6574335
-4.050989, 0.9864111, 8.695741
-4.10845, 0.94810385, 8.63828
-3.9935284, 1.0534488, 8.686164
-3.9935284, 0.9576807, 8.6095495
-4.060566, 0.9959879, 8.695741
-3.9935284, 1.0151415, 8.676587
-3.9839516, 1.0342951, 8.695741
-3.9935284, 0.9768343, 8.686164
-4.003105, 1.0055647, 8.676587
-4.060566, 0.9768343, 8.66701
-4.0222588, 0.9959879, 8.647857
-4.003105, 0.9768343, 8.686164
-4.0222588, 0.9768343, 8.6574335
-4.012682, 1.0055647, 8.6574335
-4.0414124, 0.9959879, 8.6574335
-4.050989, 0.9864111, 8.6574335
-3.9839516, 1.0821792, 8.714894
-4.0318356, 0.9672575, 8.734048
-4.0701427, 0.9768343, 8.590396
-4.0318356, 1.0151415, 8.63828
-4.0222588, 1.0055647, 8.7053175
-4.0414124, 0.92895025, 8.686164
-4.0414124, 0.92895025, 8.676587
-4.012682, 1.0151415, 8.7532015
-4.003105, 0.9576807, 8.6095495
-4.0701427, 0.9768343, 8.6574335
-3.9935284, 0.9864111, 8.686164
-3.9935284, 0.9576807, 8.7053175
-4.003105, 1.043872, 8.695741
-4.0222588, 0.9959879, 8.724471
-4.0414124, 1.0151415, 8.686164
-3.9935284, 0.93852705, 8.676587
-4.0222588, 0.9672575, 8.7053175
-4.0222588, 0.9959879, 8.6574335
-3.9935284, 0.9864111, 8.676587
-4.0318356, 1.0630256, 8.676587
-4.0797195, 0.91937345, 8.7053175
-4.0318356, 0.9768343, 8.66701
-4.0222588, 0.90979666, 8.7053175
-4.012682, 1.0247183, 8.676587
-4.0414124, 0.93852705, 8.6574335
-4.0222588, 0.9768343, 8.676587
-4.0318356, 0.9959879, 8.6574335
-4.0318356, 0.9768343, 8.7053175
-4.0701427, 0.92895025, 8.647857
-4.0222588, 1.0534488, 8.734048
-4.0222588, 0.9672575, 8.63828
-4.0701427, 0.92895025, 8.686164
