2.7389667, -9.3182335, 0.5554548
2.815581, -9.126697, 0.06703765
2.8538885, -9.203311, 0.6895301
2.920926, -9.241618, 0.9864111
2.681506, -9.222465, 0.45968673
2.8443117, -9.251195, 0.047884032
2.930503, -9.32781, 0.36391866
2.9113493, -9.346964, 0.6991069
2.882619, -9.260772, 0.7182605
2.7006595, -9.3661175, 0.23942018
2.7485435, -9.289502, 0.34476504
2.5953147, -9.375694, 0.8619126
2.3654714, -9.404425, 0.7565677
2.3942018, -9.404425, 0.24899697
2.5474305, -9.32781, 0.41180268
2.4708161, -9.3182335, 0.5363012
2.4229321, -9.3182335, 0.61291564
2.5378537, -9.299079, 0.641646
2.4899697, -9.32781, 0.60333884
2.5091233, -9.299079, 0.842759
2.5570073, -9.232041, 0.7182605
2.6144683, -9.375694, 0.9959879
2.566584, -9.289502, 1.0821792
2.480393, -9.212888, 0.9768343
2.27928, -8.571242, 0.81402856
2.0590134, -6.8282633, 0.50757074
0.5267244, -6.3302693, 0.9959879
-0.51714754, -6.291962, 1.4652514
0.5267244, -5.2480903, 1.3024458
1.2641385, -4.7500963, 1.13964
0.5554548, -5.583278, 1.1779473
0.2681506, -6.301539, 2.4229321
-1.4269443, -6.5601125, 2.7485435
6.9623384, -7.680599, 6.349423
2.336741, -8.590396, 7.5848308
13.053187, -9.346964, 5.851429
9.3182335, -7.3549876, 4.185065
2.7006595, -9.768343, 6.0621185
0.35434186, -3.4284968, 4.4915223
4.012682, 4.9895163, 7.4603324
-1.2641385, -8.944737, -4.7979803
-1.340753, 5.171476, 5.0661306
5.133168, 10.323798, -3.1411927
11.386824, 7.680599, 6.435614
4.6160207, 1.484405, 2.1164744
6.6175733, 7.7667904, 3.1316159
9.691729, 5.66947, 3.3614593
5.391742, 6.5505357, 1.3120226
3.8402996, 9.299079, 4.855441
2.2026656, 9.136273, 5.401319
3.5817258, 7.8625584, 5.257667
4.2521024, 6.3589997, 5.9184666
3.0933087, 6.6846113, 8.207323
2.432509, 6.167464, 8.801085
4.2521024, 4.5394063, 6.9527617
6.253655, 3.5051112, 7.5944076
5.7365074, 3.3518825, 8.542512
3.4859576, 2.5570073, 8.054094
4.5298295, 2.1930888, 8.082825
5.353435, 1.7525556, 8.7532015
4.711789, 1.6567876, 9.088389
3.4955344, 0.7565677, 8.944737
5.1235914, -0.11492168, 7.326257
6.8091097, -0.50757074, 7.4603324
6.349423, -0.4213795, 7.603985
6.742072, -0.45968673, 7.28795
6.9144545, 0.19153613, 7.1251445
7.1347213, 0.05746084, 6.7229185
7.3071036, 0.38307226, 6.0046577
7.383718, 0.82360536, 5.544971
7.5944076, 0.79487497, 5.793968
7.8625584, 0.5554548, 5.2959743
8.101978, 0.47884035, 5.161899
8.034941, 0.50757074, 5.6886234
7.4603324, 0.34476504, 5.861006
7.642292, 0.15322891, 5.6407394
7.9104424, -0.2681506, 5.7269306
7.929596, -0.9672575, 5.257667
7.967903, -2.0111294, 4.7884035
8.42759, -2.135628, 4.280833
8.868123, -1.9440918, 4.405331
8.446744, -1.8195933, 3.514688
9.030929, -1.4173675, 3.1507695
9.279925, -2.2888567, 3.323152
9.251195, -1.8674773, 3.1890767
8.925584, -1.7142484, 3.371036
8.829816, -1.733402, 3.2944214
8.983045, -1.8387469, 3.4859576
9.059659, -1.8387469, 3.4859576
9.030929, -1.7142484, 3.3997664
8.868123, -1.7429788, 3.3039982
8.935161, -1.733402, 3.2848446
9.040505, -1.8483237, 3.2465374
8.963891, -1.7812861, 3.1890767
9.059659, -1.8483237, 3.122039
9.040505, -1.7429788, 3.074155
9.155427, -1.7142484, 3.1603463
9.011775, -1.7621324, 3.1411927
9.126697, -1.7621324, 3.083732
9.097966, -1.7046716, 3.1411927
9.059659, -1.8004397, 3.1124623
9.088389, -1.6759412, 3.1890767
9.011775, -1.6950948, 3.4859576
8.734048, -1.532289, 3.6583402
8.714894, -1.4748282, 3.8115692
8.762778, -1.436521, 3.9456444
8.743625, -1.3503298, 4.012682
8.619126, -1.4269443, 4.1180267
8.504205, -1.2258313, 4.261679
8.437167, -1.6663644, 4.462792
8.676587, -1.0534488, 4.1180267
8.647857, -1.2162545, 4.3766007
8.379706, -1.2258313, 4.4915223
8.341399, -1.1013328, 4.548983
8.523358, -1.1875241, 4.4819455
8.580819, -1.3790601, 4.271256
8.66701, -1.3694834, 4.098873
8.676587, -1.3503298, 4.1180267
8.6095495, -1.292869, 4.2042184
8.66701, -1.3599066, 4.2042184
8.695741, -1.3982137, 4.098873
8.734048, -1.3982137, 3.9935284
8.791509, -1.3694834, 3.8977604
8.743625, -1.3982137, 3.9073372
8.791509, -1.283292, 3.964798
8.772355, -1.3790601, 3.9073372
8.743625, -1.3503298, 4.050989
8.686164, -1.3982137, 3.9935284
8.734048, -1.4269443, 4.050989
8.714894, -1.4269443, 4.0318356
8.714894, -1.3311762, 4.003105
8.724471, -1.3215994, 3.9743748
8.686164, -1.388637, 4.050989
8.7053175, -1.3790601, 4.0414124
8.724471, -1.3599066, 4.060566
8.695741, -1.3599066, 4.098873
8.686164, -1.3311762, 4.0797195
8.686164, -1.3311762, 4.10845
8.63828, -1.388637, 4.060566
8.7053175, -1.388637, 4.1371803
8.619126, -1.3503298, 4.1659107
8.724471, -1.3120226, 4.0414124
8.66701, -1.3311762, 4.060566
8.686164, -1.3790601, 4.060566
8.676587, -1.3694834, 4.0797195
8.647857, -1.4077905, 4.098873
8.676587, -1.3982137, 4.0222588
8.714894, -1.3503298, 4.0701427
8.7053175, -1.3503298, 4.10845
8.7053175, -1.3215994, 4.0892963
8.676587, -1.3982137, 4.1180267
8.647857, -1.436521, 4.0414124
8.7053175, -1.388637, 4.050989
8.762778, -1.3982137, 4.0414124
8.7053175, -1.388637, 3.9935284
8.7053175, -1.4077905, 4.003105
8.714894, -1.388637, 4.0414124
8.724471, -1.388637, 4.0414124
8.7532015, -1.388637, 4.0797195
8.63828, -1.388637, 4.2042184
8.695741, -1.3311762, 4.0797195
8.676587, -1.4077905, 4.1180267
8.66701, -1.3982137, 4.0701427
8.647857, -1.3694834, 4.050989
8.734048, -1.4077905, 4.0701427
8.676587, -1.4460979, 4.0797195
8.676587, -1.3599066, 4.0701427
8.724471, -1.3790601, 4.0701427
8.66701, -1.388637, 4.0222588
8.724471, -1.3790601, 3.9839516
8.695741, -1.3694834, 4.060566
8.676587, -1.4077905, 4.0701427
8.724471, -1.4077905, 4.050989
8.7053175, -1.3790601, 4.012682
8.647857, -1.4077905, 4.060566
8.676587, -1.3982137, 4.0701427
8.66701, -1.388637, 4.0892963
8.714894, -1.3694834, 4.0797195
8.734048, -1.3790601, 4.0892963
8.686164, -1.388637, 4.146757
8.676587, -1.340753, 4.050989
8.686164, -1.3694834, 4.060566
8.676587, -1.4173675, 4.012682
8.695741, -1.388637, 4.098873
8.647857, -1.3790601, 4.012682
8.734048, -1.4556746, 4.012682
8.724471, -1.3120226, 3.9935284
8.714894, -1.3790601, 4.0414124
8.676587, -1.4077905, 4.0414124
8.63828, -1.4556746, 4.060566
8.714894, -1.3982137, 4.10845
8.714894, -1.388637, 4.050989
8.7053175, -1.3982137, 4.003105
8.676587, -1.4269443, 4.0318356
8.695741, -1.436521, 4.012682
8.724471, -1.388637, 4.0222588
8.66701, -1.3790601, 4.0892963
8.676587, -1.388637, 4.050989
8.66701, -1.340753, 4.050989
8.676587, -1.3599066, 3.9552212
8.676587, -1.484405, 4.003105
8.686164, -1.436521, 4.156334
8.734048, -1.4269443, 3.9360676
8.762778, -1.436521, 3.8881836
8.781932, -1.532289, 3.8307228
8.801085, -1.5227122, 3.715801
8.868123, -1.6184803, 3.6008794
8.896853, -1.6376339, 3.572149
8.935161, -1.6089035, 3.4859576
9.021352, -1.6567876, 3.3614593
8.992621, -1.685518, 3.3518825
8.944737, -1.6184803, 3.3423057
8.973468, -1.6184803, 3.3327289
8.925584, -1.5801731, 3.4284968
8.944737, -1.6184803, 3.4476504
8.925584, -1.6759412, 3.4763808
