-2.7389667, 9.385271, -1.3503298
-2.6240451, 9.471462, -1.4939818
-2.6527755, 9.452309, -1.4556746
-2.6719291, 9.433155, -1.4173675
-2.6144683, 9.509769, -1.340753
-2.5761611, 9.423578, -1.3503298
-2.6431987, 9.461885, -1.4460979
-2.528277, 9.528923, -1.0055647
-2.6144683, 9.414001, -2.087744
-2.6240451, 9.519346, -2.0015526
-2.5091233, 9.5385, -1.8100165
-2.6144683, 9.423578, -1.1683705
-2.7485435, 9.356541, -0.9576807
-2.7389667, 9.375694, -1.3311762
-2.5761611, 9.500193, -1.934515
-2.480393, 9.528923, -1.541866
-2.6527755, 9.356541, -1.1300632
-2.815581, 9.3182335, -0.91937345
-2.7006595, 9.442732, -1.685518
-2.5378537, 9.509769, -1.8195933
-2.566584, 9.471462, -1.1683705
-2.72939, 9.404425, -1.0055647
-2.6144683, 9.519346, -1.5227122
-2.5953147, 9.452309, -1.5610195
-2.528277, 9.519346, -1.3599066
-2.719813, 9.423578, -1.1683705
-2.6048915, 9.519346, -1.436521
-2.7389667, 9.461885, -1.3311762
-2.633622, 9.375694, -1.2354081
-2.2505496, 9.576807, -1.13964
-2.2218192, 9.308656, -1.1587936
-2.030283, 8.7532015, -0.90979666
-2.5474305, 8.820239, -1.5514427
-2.9496565, 8.149862, -0.38307226
-2.96881, 7.7189064, -0.89064306
-2.4037786, 7.920019, -0.37349546
-1.5801731, 7.345411, -1.0534488
-1.7812861, 6.9719152, -1.7621324
-2.9783869, 6.5984197, -1.8291701
-2.1930888, 8.082825, -1.6089035
-3.8498764, 6.3206925, -2.183512
-5.93762, 7.699753, -3.4572272
-6.981492, 8.599973, -3.6487634
-7.6614456, 9.883265, -3.41892
-7.153875, 9.672575, -2.882619
-7.489063, 9.816227, -3.3806129
-6.38773, 9.528923, -2.9879637
-3.2848446, 9.404425, -2.0398598
-3.9743748, 5.592855, -1.8674773
-2.7964275, 4.663905, -2.2122424
-1.4556746, 1.292869, -2.9592333
-1.9249382, 1.9153614, -2.480393
3.8019924, 7.747637, -12.689269
1.7812861, 5.133168, -7.9487495
-1.6759412, 6.3685765, -12.957419
-16.721106, 6.5505357, 11.702858
-3.6487634, 0.93852705, -8.054094
-6.933608, -6.5984197, -12.909535
2.8060043, -5.410896, -12.53604
5.659893, -7.0581064, 2.0685902
4.060566, -1.8579005, 2.3080103
9.873688, 5.2959743, 3.5051112
13.522451, -0.5650316, -9.490616
11.616667, -3.1794999, -10.70687
5.171476, -0.11492168, -1.6663644
10.898406, 1.8579005, -1.9057846
9.481039, 4.271256, -4.232949
7.2304893, 5.142745, -2.3463178
8.810662, 5.3438582, -0.50757074
9.481039, 7.0485296, -0.7757214
8.331821, 6.5026517, -0.78529817
8.111555, 6.646304, -1.8674773
7.4507556, 6.483498, -1.733402
8.916007, 4.999093, -3.1124623
7.833828, 4.060566, -3.265691
7.3645644, 3.8402996, -3.2561142
7.747637, 4.548983, -4.6160207
8.169016, 4.5681367, -3.9552212
7.9104424, 4.3766007, -4.0797195
7.699753, 4.405331, -3.667917
7.517793, 4.5394063, -3.7349546
8.073248, 4.654328, -3.371036
8.274361, 4.5298295, -3.1890767
8.054094, 4.5777135, -3.4380736
8.169016, 4.501099, -3.371036
8.255207, 4.510676, -3.2465374
8.264784, 4.548983, -3.1507695
8.24563, 4.5202527, -2.9400797
8.322245, 4.6255975, -2.9400797
8.350976, 4.7022123, -2.920926
8.283937, 4.6351743, -3.0262709
8.169016, 4.6160207, -3.0358477
8.226477, 4.6255975, -2.9975405
8.274361, 4.654328, -3.0071173
8.197746, 4.5872903, -2.9496565
8.226477, 4.644751, -3.0071173
8.207323, 4.6160207, -3.122039
8.178593, 4.606444, -3.0933087
8.24563, 4.6255975, -3.1124623
8.149862, 4.5777135, -3.0933087
8.236053, 4.5394063, -3.064578
8.197746, 4.6160207, -3.0358477
8.274361, 4.6160207, -3.0550013
8.207323, 4.5872903, -3.083732
8.274361, 4.6255975, -2.9783869
8.2169, 4.596867, -3.0454245
8.207323, 4.596867, -3.0262709
8.255207, 4.606444, -3.0262709
8.226477, 4.6160207, -3.0262709
8.226477, 4.5872903, -3.016694
8.197746, 4.644751, -2.9975405
8.207323, 4.6160207, -3.016694
8.274361, 4.606444, -3.0071173
8.236053, 4.5681367, -2.96881
8.24563, 4.6160207, -2.9879637
8.255207, 4.644751, -3.016694
8.274361, 4.6160207, -3.0071173
8.303091, 4.606444, -3.1124623
8.236053, 4.55856, -3.083732
8.236053, 4.548983, -3.0550013
8.197746, 4.596867, -3.016694
8.274361, 4.596867, -3.083732
8.264784, 4.5872903, -3.0454245
8.274361, 4.5872903, -3.122039
8.274361, 4.6160207, -3.0358477
8.2169, 4.606444, -3.0358477
8.2169, 4.5777135, -3.1124623
8.1881695, 4.6255975, -3.0933087
8.169016, 4.5872903, -3.1316159
8.226477, 4.596867, -3.1028855
8.178593, 4.5298295, -3.1603463
8.24563, 4.5777135, -3.1890767
8.1881695, 4.5298295, -3.169923
8.197746, 4.5394063, -3.1890767
8.312668, 4.5298295, -3.1028855
8.178593, 4.5777135, -3.1603463
8.274361, 4.55856, -3.1794999
8.264784, 4.5202527, -3.1028855
8.264784, 4.5681367, -3.1028855
8.1881695, 4.5872903, -3.0933087
8.274361, 4.5777135, -3.0933087
8.283937, 4.606444, -3.1028855
8.226477, 4.596867, -3.122039
8.303091, 4.606444, -3.0071173
8.255207, 4.606444, -3.0262709
8.24563, 4.606444, -3.083732
8.1881695, 4.6160207, -3.0262709
8.24563, 4.5777135, -3.0550013
8.255207, 4.5394063, -3.064578
8.226477, 4.6160207, -3.122039
8.149862, 4.501099, -3.0358477
8.226477, 4.548983, -3.2369606
8.197746, 4.5777135, -3.074155
8.2169, 4.673482, -3.0262709
8.255207, 4.673482, -3.064578
8.24563, 4.5777135, -2.9017725
8.303091, 4.6255975, -2.8443117
8.303091, 4.6830587, -2.882619
8.341399, 4.673482, -2.815581
8.303091, 4.6830587, -2.834735
8.274361, 4.663905, -2.8634653
8.226477, 4.7022123, -2.9113493
8.264784, 4.663905, -2.920926
8.24563, 4.663905, -2.9400797
8.274361, 4.654328, -2.930503
8.264784, 4.663905, -2.930503
8.264784, 4.5872903, -2.96881
8.197746, 4.663905, -2.9879637
8.236053, 4.663905, -2.9975405
8.169016, 4.644751, -2.9017725
8.264784, 4.673482, -2.9879637
8.236053, 4.654328, -2.96881
8.24563, 4.644751, -2.9783869
8.2169, 4.644751, -2.9975405
8.255207, 4.6926355, -2.9975405
8.226477, 4.7022123, -2.9017725
8.293514, 4.6255975, -2.882619
8.197746, 4.6830587, -2.9017725
8.303091, 4.6830587, -2.9113493
8.274361, 4.606444, -2.930503
8.255207, 4.663905, -2.9017725
8.255207, 4.673482, -2.9113493
8.2169, 4.6926355, -3.0358477
8.236053, 4.654328, -2.920926
8.264784, 4.654328, -2.920926
8.283937, 4.6255975, -3.016694
8.264784, 4.606444, -2.9783869
8.283937, 4.644751, -2.9975405
8.24563, 4.663905, -3.0358477
8.236053, 4.7022123, -3.0550013
8.226477, 4.6255975, -2.930503
8.264784, 4.606444, -2.96881
8.226477, 4.6830587, -2.930503
8.274361, 4.663905, -2.9592333
8.264784, 4.663905, -2.9496565
8.1881695, 4.6351743, -2.9975405
8.264784, 4.606444, -2.9879637
8.24563, 4.596867, -3.0358477
8.236053, 4.6351743, -2.9879637
8.2169, 4.6160207, -3.0454245
8.236053, 4.5872903, -3.0933087
8.207323, 4.6160207, -3.0933087
8.207323, 4.5777135, -3.064578
8.197746, 4.596867, -3.074155
8.207323, 4.606444, -3.074155
8.2169, 4.6255975, -3.016694
8.207323, 4.6160207, -2.9975405
8.293514, 4.6255975, -3.064578
8.226477, 4.5777135, -3.064578
8.255207, 4.5394063, -2.96881
8.255207, 4.596867, -3.0358477
8.24563, 4.644751, -3.0550013
8.226477, 4.663905, -3.016694
8.264784, 4.644751, -2.9400797
8.255207, 4.606444, -3.0358477
8.24563, 4.6160207, -3.0071173
8.226477, 4.6160207, -3.0358477
8.24563, 4.644751, -3.016694
8.255207, 4.644751, -3.0550013
