1.340753, 9.730036, -0.7469909
1.3599066, 9.825804, -0.7374141
1.2162545, 9.758766, -0.7086837
1.2449849, 9.768343, -0.6895301
1.2449849, 9.80665, -0.22984336
0.91937345, 9.691729, -0.7565677
1.2641385, 9.883265, -1.0151415
1.1779473, 9.720459, -0.5650316
1.685518, 9.710882, -0.5746084
2.1739352, 9.011775, -1.5993267
0.5363012, 10.362105, -0.9672575
1.4269443, 9.710882, -0.93852705
1.7142484, 9.749189, -0.45010993
1.1300632, 9.624691, -0.8523358
1.283292, 9.77792, -1.532289
1.4748282, 9.940725, -0.81402856
1.1971009, 9.605537, -0.49799395
1.292869, 9.825804, -0.5267244
1.532289, 9.950302, -0.7278373
1.6376339, 9.988609, -0.89064306
1.4173675, 9.787497, -0.7086837
1.8674773, 9.768343, -1.2066777
1.484405, 9.691729, -0.81402856
1.0821792, 10.132261, -0.009576807
0.4405331, 10.505757, 0.59376204
-0.45968673, 11.281479, 0.58418524
0.2777274, 9.002198, -1.8962077
3.1124623, 8.7053175, -2.7581203
5.0182467, 8.513782, -3.5242648
2.1260512, 6.991069, -2.384625
-0.33518824, 8.2169, -1.1875241
-1.0534488, 8.772355, -1.4173675
0.7661445, 7.07726, -4.31914
2.8634653, 4.3287168, -3.7349546
-1.3790601, 2.9017725, 3.7828386
-4.5872903, 2.566584, 6.895301
-2.834735, 1.9632454, 0.25857377
-1.484405, 2.9400797, 5.410896
-7.374141, 6.483498, -3.6104562
-12.909535, -10.668563, 15.131354
-18.08101, -15.1696615, 7.335834
-10.97502, -3.821146, 8.42759
2.7389667, 1.9249382, -5.2768207
4.0797195, -3.763685, -1.1492168
4.0797195, -4.405331, 9.021352
-12.239159, -3.916914, 19.211075
1.4748282, 3.6487634, 0.40222588
-7.4028716, 4.596867, 9.069236
-2.6048915, 6.2728086, 7.431602
-2.9975405, 2.2122424, 11.099519
-0.60333884, 2.4420857, 7.6614456
-3.8307228, 2.5091233, 11.099519
-3.7541082, 2.432509, 8.0924015
-3.5434184, 3.0454245, 8.954314
-3.5625722, 2.0015526, 8.695741
-4.10845, 1.5705963, 9.471462
-3.0933087, 1.0151415, 8.178593
-3.1986535, 1.1587936, 9.088389
-3.8307228, 1.6184803, 8.858546
-3.5529952, 1.8483237, 8.781932
-3.1986535, 1.8004397, 9.299079
-2.767697, 1.8291701, 9.059659
-2.5953147, 2.1547816, 9.040505
-2.7006595, 2.087744, 9.165004
-2.480393, 2.030283, 8.868123
-2.5187001, 2.0590134, 8.973468
-2.4516625, 2.0015526, 9.040505
-2.5953147, 1.9440918, 9.097966
-2.873042, 2.030283, 9.165004
-2.825158, 1.9249382, 9.002198
-2.8060043, 1.9632454, 9.059659
-2.882619, 1.9440918, 9.174581
-2.834735, 1.9632454, 9.021352
-2.7581203, 1.8387469, 8.772355
-2.7581203, 1.9440918, 9.165004
-2.681506, 1.8770541, 9.050082
-2.815581, 2.0015526, 9.040505
-2.7868507, 2.0207062, 9.11712
-2.719813, 1.9440918, 9.011775
-2.681506, 1.8387469, 8.992621
-2.6910827, 1.934515, 9.002198
-2.5570073, 1.9919758, 9.069236
-2.681506, 1.9249382, 9.050082
-2.777274, 1.8579005, 9.069236
-2.8538885, 1.733402, 9.021352
-3.1794999, 1.7238252, 9.040505
-3.2273839, 1.6089035, 8.992621
-3.0933087, 1.6567876, 8.839393
-2.8921957, 1.7812861, 9.126697
-2.9400797, 1.7812861, 9.136273
-2.96881, 1.8195933, 8.887277
-2.9592333, 1.8195933, 8.944737
-2.815581, 1.9153614, 9.050082
-2.834735, 1.8291701, 9.021352
-2.8634653, 1.8387469, 9.059659
-2.9017725, 1.8387469, 8.983045
-2.930503, 1.7621324, 9.088389
-2.930503, 1.8004397, 8.963891
-2.825158, 1.8100165, 9.059659
-2.6910827, 1.8962077, 9.078813
-2.777274, 1.8962077, 9.040505
-2.72939, 1.8770541, 9.059659
-2.815581, 1.8195933, 8.963891
-2.882619, 1.8100165, 9.069236
-2.8538885, 1.8004397, 9.11712
-2.9496565, 1.7525556, 9.002198
-3.0071173, 1.7525556, 8.992621
-2.9113493, 1.8004397, 9.011775
-2.8634653, 1.8100165, 9.069236
-2.6719291, 1.8291701, 9.040505
-2.5761611, 1.8195933, 9.088389
-2.6144683, 1.8866309, 9.030929
-2.8060043, 1.8962077, 9.126697
-2.72939, 1.8004397, 8.954314
-2.7868507, 1.8483237, 9.078813
-2.72939, 1.8770541, 9.11712
-2.815581, 1.7812861, 9.059659
-2.815581, 1.8387469, 9.069236
-2.834735, 1.8483237, 9.040505
-2.6719291, 1.8100165, 9.136273
-2.777274, 1.7908629, 9.011775
-2.7868507, 1.8291701, 9.155427
-2.825158, 1.8483237, 9.011775
-2.8060043, 1.8770541, 9.069236
-2.8060043, 1.7908629, 9.069236
-2.72939, 1.8195933, 8.935161
-2.834735, 1.8579005, 9.174581
-2.681506, 1.8100165, 9.002198
-2.7102363, 1.8674773, 9.050082
-2.6910827, 1.8579005, 9.097966
-2.681506, 1.8387469, 9.050082
-2.7006595, 1.8004397, 9.088389
-2.7868507, 1.8004397, 9.040505
-2.719813, 1.8866309, 9.069236
-2.7485435, 1.8100165, 9.088389
-2.6719291, 1.7812861, 9.040505
-2.7102363, 1.733402, 9.107543
-2.7102363, 1.8387469, 9.107543
-2.7102363, 1.8483237, 9.069236
-2.7389667, 1.8195933, 9.107543
-2.7485435, 1.8004397, 9.002198
-2.6623523, 1.8483237, 9.126697
-2.72939, 1.8195933, 9.069236
-2.6719291, 1.8100165, 9.021352
-2.6719291, 1.8004397, 9.069236
-2.6623523, 1.8195933, 9.174581
-2.6527755, 1.7621324, 9.030929
-2.681506, 1.8291701, 9.126697
-2.72939, 1.8579005, 9.069236
-2.6527755, 1.8291701, 9.050082
-2.6719291, 1.7908629, 9.078813
-2.5953147, 1.7908629, 9.030929
-2.6240451, 1.7908629, 9.11712
-2.719813, 1.8004397, 9.050082
-2.7389667, 1.8387469, 9.030929
-2.719813, 1.7812861, 9.002198
-2.719813, 1.7621324, 9.069236
-2.7389667, 1.7908629, 9.097966
-2.777274, 1.7717092, 9.059659
-2.72939, 1.8387469, 9.059659
-2.6431987, 1.8291701, 9.069236
-2.6527755, 1.8100165, 9.107543
-2.6144683, 1.8387469, 9.11712
-2.6431987, 1.8579005, 9.030929
-2.7006595, 1.8579005, 9.136273
-2.6910827, 1.9057846, 9.030929
-2.7102363, 1.8004397, 9.069236
-2.6719291, 1.7812861, 9.155427
-2.7485435, 1.7717092, 9.021352
-2.6623523, 1.8579005, 9.11712
-2.6623523, 1.8674773, 8.983045
-2.5953147, 1.8579005, 9.059659
-2.6527755, 1.8579005, 9.126697
-2.5953147, 1.8962077, 9.097966
-2.6048915, 1.8674773, 9.11712
-2.6431987, 1.9057846, 9.097966
-2.6527755, 1.8866309, 9.069236
-2.633622, 1.8483237, 9.088389
-2.6719291, 1.8866309, 9.14585
-2.585738, 1.8483237, 9.059659
-2.585738, 1.8483237, 9.088389
-2.6910827, 1.8195933, 9.050082
-2.6048915, 1.934515, 9.126697
-2.5953147, 1.8387469, 9.050082
-2.6527755, 1.7812861, 9.097966
-2.5953147, 1.7717092, 9.107543
-2.6910827, 1.7621324, 9.078813
-2.6719291, 1.8674773, 9.069236
-2.633622, 1.8770541, 9.107543
-2.6240451, 1.8100165, 9.088389
-2.681506, 1.8195933, 9.050082
-2.6719291, 1.8195933, 9.14585
-2.6910827, 1.8100165, 9.021352
-2.6144683, 1.9153614, 9.088389
-2.6240451, 1.8770541, 9.021352
-2.633622, 1.8387469, 9.078813
-2.681506, 1.8004397, 9.040505
-2.5953147, 1.8962077, 9.136273
-2.5953147, 1.8387469, 9.050082
-2.6048915, 1.8674773, 9.069236
-2.6623523, 1.8579005, 9.107543
-2.528277, 1.8291701, 9.050082
-2.5378537, 1.8100165, 9.155427
-2.6623523, 1.8291701, 9.059659
-2.633622, 1.8387469, 9.050082
-2.6144683, 1.8962077, 9.097966
