1.8195933, 9.864111, -0.37349546
1.9440918, 9.710882, -0.22026655
1.6472107, 9.825804, -0.38307226
1.5705963, 9.701305, 0.06703765
1.8579005, 9.624691, -0.94810385
1.8674773, 9.892841, -0.18195933
1.6759412, 9.528923, -0.36391866
1.6280571, 9.758766, -0.39264908
1.8962077, 9.864111, -0.095768064
1.6759412, 9.528923, 0.009576807
2.0494366, 9.481039, -0.4405331
1.5035586, 9.528923, -0.9576807
1.8962077, 9.749189, -0.842759
2.2697031, 9.998186, -0.4405331
1.484405, 9.768343, -0.45968673
0.8714894, 9.835381, -0.5267244
2.231396, 9.883265, -1.0247183
1.6376339, 9.787497, -1.1971009
1.0055647, 10.505757, -1.3120226
0.9672575, 9.797073, -0.30645782
0.92895025, 9.375694, -0.93852705
0.7182605, 8.992621, -1.6280571
0.2873042, 8.839393, -1.4077905
0.7374141, 9.5385, -0.5746084
2.0494366, 9.3661175, 0.11492168
2.2888567, 7.8146744, 0.7661445
0.8331822, 7.3549876, -0.81402856
2.0015526, 8.561666, -1.8387469
0.9768343, 8.599973, -4.3478703
-1.1971009, 10.716447, -4.7500963
-0.9959879, 10.371682, -3.8402996
-0.45010993, 10.524911, -3.6296098
-1.9249382, 10.0748005, -5.315128
-2.2697031, 11.453861, -3.3997664
-2.8921957, 10.984597, -5.3821654
-3.217807, 11.166556, -3.3135753
-3.3039982, 10.97502, -4.2904096
-0.94810385, 10.323798, -5.2385135
-1.7046716, 9.643845, -6.244078
-1.8579005, 9.595961, -5.267244
-1.5227122, 8.24563, -4.9703627
-2.3558946, 4.7884035, -5.363012
-1.8004397, 1.3503298, -2.825158
-1.8674773, -3.4476504, 0.32561144
-4.261679, -4.0414124, 5.9184666
-2.2697031, 3.1794999, 11.942278
7.8050976, 5.6886234, 14.748282
11.769896, -1.4939818, 6.540959
16.261417, -1.4460979, 14.690822
-5.947197, 6.5218053, 19.239805
3.916914, 1.4077905, 19.536686
7.201759, -6.7612257, 6.129156
11.013328, 3.86903, 1.340753
2.4037786, 13.072341, 7.2304893
-0.8714894, -0.47884035, 4.3766007
-2.1739352, -4.6160207, 1.2066777
-5.401319, -5.401319, 11.626244
-1.0630256, 3.8881836, 12.191275
-4.4244847, 2.9879637, 11.262324
-3.5434184, 1.2737153, 8.944737
6.0716953, 7.6614456, 16.941372
8.360553, 5.267244, 3.7253778
-0.80445176, 3.0933087, 7.4507556
0.31603462, 3.6583402, 6.445191
4.510676, 3.4763808, 7.881712
5.401319, 4.9895163, 7.2304893
7.0102224, 3.8594532, 8.255207
6.9719152, 2.2697031, 6.2345014
9.864111, 3.5817258, 6.6079965
8.274361, 2.4708161, 6.579266
5.7843914, 2.231396, 6.1770406
5.45878, 3.2369606, 7.929596
5.1906295, 3.265691, 8.446744
3.9743748, 4.367024, 7.383718
2.1739352, 3.763685, 8.1402855
1.2545617, 3.7924154, 9.078813
1.1683705, 4.1946416, 9.203311
1.6950948, 3.86903, 8.896853
2.4037786, 3.9360676, 8.465898
2.6623523, 3.7541082, 8.312668
3.122039, 3.3135753, 8.207323
3.8402996, 3.514688, 8.283937
4.2904096, 3.7253778, 8.082825
4.5777135, 3.6774938, 7.9391727
4.7979803, 3.3518825, 7.833828
4.6830587, 2.8921957, 7.9487495
4.5872903, 3.2561142, 7.843405
4.098873, 3.3423057, 8.073248
3.763685, 3.2752678, 8.39886
3.4955344, 3.6774938, 8.465898
2.8634653, 3.2752678, 8.350976
3.1316159, 3.1316159, 8.916007
2.9975405, 3.7253778, 8.887277
2.8443117, 3.9552212, 8.66701
2.7868507, 3.7445314, 8.896853
4.1946416, 3.2082303, 6.4739213
6.1387334, 2.4133554, 6.435614
7.240066, 2.566584, 5.765238
8.37013, 2.135628, 5.7748146
9.471462, 1.484405, 5.3821654
9.9790325, 1.5610195, 5.305551
8.485051, 2.231396, 5.583278
7.441179, 1.982399, 4.9416323
7.383718, 2.0494366, 5.0661306
7.0102224, 2.920926, 6.7324953
6.1770406, 3.1986535, 7.881712
5.3247046, 2.6623523, 7.8912888
4.4915223, 3.3135753, 7.5561004
3.6104562, 3.4284968, 7.872135
2.6910827, 3.1890767, 8.485051
2.087744, 3.3518825, 9.337387
1.7238252, 3.572149, 8.992621
1.3982137, 3.9935284, 8.552089
2.528277, 3.8594532, 8.111555
3.1986535, 2.7102363, 8.39886
3.7445314, 3.064578, 8.465898
4.003105, 3.5338416, 8.207323
4.3478703, 2.873042, 8.197746
4.7788267, 2.9113493, 8.00621
4.6351743, 3.1986535, 8.025364
4.3861775, 2.920926, 8.082825
4.7884035, 3.4284968, 8.101978
4.711789, 3.4476504, 7.920019
4.10845, 3.0550013, 7.728483
3.86903, 3.4955344, 8.121132
3.9743748, 3.2752678, 8.743625
4.0318356, 3.2944214, 8.456321
3.572149, 3.466804, 8.015787
3.763685, 3.4572272, 7.9487495
4.060566, 3.3327289, 8.159439
3.8786068, 3.3135753, 8.331821
3.8307228, 3.2848446, 8.418014
4.232949, 2.96881, 8.37013
3.964798, 3.074155, 7.9870567
3.8786068, 3.2944214, 8.025364
4.3287168, 3.016694, 8.264784
4.357447, 3.265691, 8.025364
4.213795, 3.2561142, 8.054094
4.050989, 3.1316159, 8.169016
4.060566, 3.0262709, 8.2169
4.098873, 3.122039, 8.149862
4.060566, 3.217807, 8.197746
4.098873, 3.217807, 8.2169
4.146757, 3.1124623, 8.159439
4.146757, 3.1890767, 8.101978
4.1946416, 3.0358477, 8.1881695
4.271256, 3.0358477, 8.2169
4.2904096, 3.122039, 8.101978
4.185065, 3.1028855, 8.130709
4.2425256, 3.0550013, 8.121132
4.213795, 3.0550013, 8.130709
4.2521024, 3.0262709, 8.1881695
4.271256, 3.016694, 8.1881695
4.309563, 3.0358477, 8.226477
4.309563, 2.9975405, 8.169016
4.367024, 3.0358477, 8.130709
4.3287168, 3.016694, 8.121132
4.2425256, 3.0358477, 8.073248
4.0797195, 3.2369606, 8.121132
4.175488, 3.064578, 8.236053
4.261679, 2.96881, 8.226477
4.2521024, 3.1028855, 8.130709
4.2425256, 3.1316159, 8.1881695
4.1659107, 3.1124623, 8.0924015
4.2042184, 3.1411927, 8.101978
4.156334, 3.0933087, 8.1881695
4.1276035, 3.0933087, 8.149862
4.1180267, 3.0933087, 8.073248
4.0892963, 3.2273839, 8.159439
4.146757, 3.1603463, 8.073248
4.1276035, 3.064578, 8.130709
4.098873, 3.1507695, 8.1402855
4.1659107, 3.1316159, 8.178593
4.357447, 2.9017725, 8.331821
4.4915223, 2.920926, 8.255207
4.31914, 3.1124623, 8.082825
4.0892963, 2.9592333, 8.274361
4.050989, 3.763685, 7.8912888
3.9456444, 2.9592333, 7.97748
4.2904096, 2.9496565, 8.101978
4.223372, 3.5051112, 8.283937
4.0222588, 3.4093432, 8.303091
3.916914, 3.0454245, 8.034941
4.357447, 2.96881, 8.054094
4.759673, 3.217807, 8.312668
4.3861775, 3.4380736, 8.034941
3.7253778, 3.169923, 7.9487495
3.9360676, 3.1890767, 8.054094
4.280833, 3.2273839, 8.226477
4.309563, 3.2752678, 8.283937
4.223372, 3.064578, 8.130709
4.156334, 3.122039, 7.9487495
4.1180267, 3.2369606, 8.034941
4.223372, 3.3806129, 8.159439
4.1659107, 3.1794999, 8.207323
4.0797195, 3.1124623, 8.121132
4.10845, 3.2561142, 8.101978
4.271256, 3.1316159, 8.226477
4.213795, 3.1603463, 8.178593
3.9839516, 3.2848446, 8.00621
4.098873, 3.2848446, 8.130709
4.223372, 3.1603463, 8.236053
4.232949, 3.169923, 8.207323
4.146757, 3.1603463, 8.149862
4.1659107, 3.2273839, 8.101978
4.1371803, 3.2273839, 8.101978
4.1371803, 3.2082303, 8.130709
4.10845, 3.2082303, 8.149862
4.1180267, 3.1890767, 8.1402855
4.1276035, 3.169923, 8.207323
4.185065, 3.1986535, 8.274361
4.2425256, 3.0454245, 8.283937
4.2425256, 3.1986535, 8.025364
4.10845, 3.217807, 7.967903
4.1276035, 3.3135753, 8.082825
4.31914, 3.2273839, 8.24563
4.3957543, 3.1411927, 8.130709
4.213795, 3.2369606, 8.054094
4.0892963, 3.1028855, 8.159439
4.003105, 3.2561142, 8.121132
4.060566, 3.3901896, 8.0924015
4.0414124, 3.265691, 8.2169
4.1371803, 3.2273839, 8.0445175
4.1180267, 3.2944214, 7.9966335
4.0414124, 3.1603463, 8.207323
4.0414124, 3.3135753, 8.207323
4.0318356, 3.2848446, 8.130709
3.9360676, 3.2465374, 8.111555
4.0222588, 3.4284968, 8.101978
4.156334, 3.1986535, 8.178593
4.175488, 2.9879637, 8.283937
4.271256, 3.2465374, 8.178593
4.1180267, 3.217807, 8.054094
4.232949, 3.1316159, 8.111555
4.213795, 3.2561142, 8.121132
4.1371803, 3.265691, 8.130709
4.0414124, 3.1507695, 8.1881695
