0.4309563, 9.77792, 0.80445176
0.25857377, 9.816227, 1.091756
0.34476504, 9.586384, 0.8810662
0.047884032, 9.77792, 0.81402856
0.18195933, 9.873688, 1.0821792
0.41180268, 9.672575, 1.7812861
0.545878, 9.691729, 1.3120226
0.63206923, 9.940725, 0.91937345
0.8714894, 9.758766, 1.2449849
0.61291564, 9.844957, 1.7812861
0.545878, 9.77792, 1.7046716
0.62249243, 9.892841, 1.1300632
0.5554548, 9.9790325, 1.13964
0.37349546, 9.653421, 1.3790601
0.36391866, 9.672575, 1.6950948
0.4309563, 9.768343, 1.3503298
0.30645782, 9.873688, 0.81402856
0.30645782, 9.643845, 0.81402856
-0.076614454, 9.643845, 0.545878
-0.41180268, 10.601525, 0.24899697
-0.60333884, 10.907983, -0.5746084
-0.8619126, 9.835381, -0.36391866
-0.60333884, 9.500193, 0.1340753
-1.1779473, 10.295067, -1.3790601
-0.5746084, 10.5440645, 1.2066777
0.6512229, 8.8777, -1.0151415
-0.29688102, 9.509769, 2.5091233
2.5091233, 9.5385, 0.40222588
0.047884032, 9.835381, 0.90021986
-0.31603462, 10.065224, 1.0726024
-0.30645782, 10.160992, 0.31603462
-0.20111294, 10.314221, 0.8331822
0.2873042, 9.5385, 0.89064306
-0.2873042, 7.8050976, 0.1436521
-0.94810385, 7.086837, 0.5267244
0.89064306, 4.912902, 2.6048915
2.681506, 2.7485435, -0.22984336
-1.091756, -0.63206923, -8.130709
-2.0111294, -6.9527617, -12.74673
-2.4133554, -0.35434186, -10.582372
-7.872135, 4.280833, -13.120225
-7.2687964, 5.755661, -11.894394
-9.528923, 0.37349546, -12.938266
-7.7667904, -0.91937345, -12.737153
-4.673482, -0.45968673, -10.67814
-3.3518825, 2.825158, -8.714894
-4.0318356, 5.803545, -15.562311
-11.243171, 4.654328, -13.22557
-4.0701427, -0.62249243, -0.41180268
-0.79487497, -0.9864111, -11.9135475
-6.588843, 2.825158, -4.0797195
-6.4260373, 5.401319, -7.3071036
-7.9487495, 3.016694, -11.032481
-6.885724, 0.30645782, -6.4643445
-5.1906295, -0.095768064, -8.322245
-5.5641246, 1.8291701, -8.350976
-4.606444, 4.3766007, -8.197746
-4.453215, 3.0262709, -8.226477
-4.185065, 1.6472107, -8.408437
-4.0701427, 2.1452048, -8.389283
-4.156334, 2.480393, -8.571242
-4.951209, 2.384625, -8.293514
-5.0182467, 2.4420857, -8.207323
-4.855441, 2.2697031, -8.283937
-4.999093, 2.135628, -8.341399
-5.3342814, 2.5091233, -8.149862
-5.00867, 2.6527755, -8.178593
-5.00867, 2.2984335, -8.303091
-4.999093, 2.2505496, -8.24563
-4.7979803, 2.5378537, -8.293514
-4.7979803, 2.4133554, -8.350976
-4.7788267, 2.1930888, -8.264784
-4.903325, 2.3654714, -8.226477
-4.8937483, 2.4133554, -8.293514
-4.9416323, 2.4133554, -8.236053
-4.9416323, 2.4229321, -8.226477
-4.960786, 2.336741, -8.2169
-4.903325, 2.3463178, -8.293514
-4.8937483, 2.4133554, -8.2169
-4.903325, 2.3654714, -8.322245
-4.855441, 2.4229321, -8.197746
-4.9416323, 2.4133554, -8.331821
-4.960786, 2.3080103, -8.197746
-4.855441, 2.3654714, -8.264784
-4.999093, 2.432509, -8.226477
-4.9416323, 2.327164, -8.1881695
-4.8267107, 2.3463178, -8.24563
-4.903325, 2.384625, -8.264784
-4.8937483, 2.4037786, -8.283937
-4.8937483, 2.3654714, -8.226477
-4.9224787, 2.3463178, -8.293514
-4.9416323, 2.3942018, -8.236053
-4.9224787, 2.3750482, -8.274361
-4.8841715, 2.3942018, -8.207323
-4.8937483, 2.4612393, -8.264784
-4.951209, 2.327164, -8.255207
-4.9224787, 2.231396, -8.178593
-5.056554, 2.27928, -8.331821
-4.9895163, 2.2888567, -8.255207
-4.865018, 2.3175871, -8.255207
-4.9799395, 2.327164, -8.255207
-5.0278234, 2.3080103, -8.178593
-5.00867, 2.27928, -8.255207
-4.951209, 2.2984335, -8.236053
-4.960786, 2.336741, -8.255207
-4.9320555, 2.2218192, -8.303091
-4.912902, 2.231396, -8.264784
-4.951209, 2.3463178, -8.2169
-4.9320555, 2.2984335, -8.207323
-5.0278234, 2.2026656, -8.274361
-5.0278234, 2.2122424, -8.226477
-5.0661306, 2.2505496, -8.207323
-4.9416323, 2.3175871, -8.226477
-4.9224787, 2.2409728, -8.2169
-4.951209, 2.2505496, -8.226477
-4.9703627, 2.2505496, -8.283937
-4.9416323, 2.2218192, -8.24563
-4.9416323, 2.2409728, -8.293514
-5.0182467, 2.231396, -8.264784
-4.999093, 2.2218192, -8.207323
-4.9799395, 2.2409728, -8.264784
-5.00867, 2.1930888, -8.197746
-4.9703627, 2.2601264, -8.197746
-4.999093, 2.135628, -8.24563
-5.0661306, 2.1643584, -8.24563
-4.999093, 2.2218192, -8.255207
-4.9799395, 2.2505496, -8.236053
-4.999093, 2.183512, -8.2169
-4.951209, 2.2026656, -8.207323
-4.960786, 2.1643584, -8.255207
-4.9703627, 2.1452048, -8.274361
-4.9703627, 2.183512, -8.24563
-4.999093, 2.135628, -8.197746
-5.00867, 2.2026656, -8.255207
-5.00867, 2.1739352, -8.2169
-4.999093, 2.1452048, -8.2169
-5.0182467, 2.1068976, -8.283937
-5.056554, 2.1643584, -8.264784
-5.00867, 2.1930888, -8.255207
-5.056554, 2.135628, -8.178593
-4.9895163, 2.1452048, -8.303091
-4.9895163, 2.1068976, -8.226477
-4.999093, 2.1452048, -8.283937
-4.999093, 2.135628, -8.236053
-5.0374002, 2.183512, -8.293514
-5.0182467, 2.1164744, -8.274361
-4.9895163, 2.087744, -8.274361
-5.0182467, 2.0685902, -8.255207
-4.9703627, 2.1260512, -8.255207
-5.00867, 2.1452048, -8.293514
-5.00867, 2.0973208, -8.197746
-4.9895163, 2.1452048, -8.207323
-5.00867, 2.1260512, -8.24563
-4.960786, 2.078167, -8.24563
-4.999093, 2.1260512, -8.264784
-5.0278234, 2.1260512, -8.24563
-4.9895163, 2.135628, -8.283937
-5.0278234, 2.1164744, -8.283937
-5.056554, 2.030283, -8.236053
-5.0374002, 2.1452048, -8.255207
-5.0661306, 2.1164744, -8.283937
-5.0182467, 2.0973208, -8.236053
-5.0278234, 2.1260512, -8.24563
-5.0182467, 2.1068976, -8.255207
-4.9703627, 2.0494366, -8.236053
-5.0182467, 2.1068976, -8.2169
-5.0757074, 2.0973208, -8.264784
-5.0374002, 2.1164744, -8.207323
-5.0182467, 2.1164744, -8.274361
-5.046977, 2.0398598, -8.24563
-5.046977, 2.078167, -8.226477
-5.0661306, 2.135628, -8.255207
-5.0182467, 2.0973208, -8.264784
-4.999093, 2.087744, -8.274361
-4.999093, 2.087744, -8.283937
-4.9895163, 2.0685902, -8.24563
-5.0661306, 2.087744, -8.255207
-5.0757074, 2.0685902, -8.264784
-5.0278234, 2.0685902, -8.1881695
-4.9799395, 2.078167, -8.2169
-4.999093, 2.1068976, -8.255207
-5.056554, 2.0207062, -8.169016
-5.056554, 2.0398598, -8.226477
-5.0757074, 2.0685902, -8.255207
-5.046977, 2.1164744, -8.236053
-5.0374002, 2.0398598, -8.236053
-5.056554, 2.0207062, -8.207323
-4.9895163, 2.030283, -8.1402855
-5.0278234, 2.078167, -8.2169
-4.999093, 2.0398598, -8.1881695
-4.9799395, 2.087744, -8.178593
-5.0182467, 2.087744, -8.312668
-5.209783, 2.078167, -8.236053
-5.0374002, 1.9919758, -8.2169
-5.1523223, 2.0494366, -8.360553
-5.391742, 1.9728222, -8.0924015
-5.21936, 1.9153614, -8.1402855
-5.171476, 2.0398598, -8.178593
-5.21936, 1.9249382, -8.015787
-5.3342814, 2.0015526, -8.159439
-5.4683566, 1.9153614, -8.063671
-5.133168, 1.8866309, -8.149862
-5.2480903, 1.934515, -8.073248
-5.353435, 1.9728222, -8.073248
-5.1810527, 2.0015526, -8.111555
-5.2480903, 1.8579005, -8.034941
-5.410896, 1.934515, -8.1402855
-5.401319, 2.078167, -8.073248
-5.21936, 1.9728222, -8.054094
-5.1523223, 1.8866309, -8.0924015
-5.2480903, 2.0015526, -8.1402855
-5.2289367, 1.9919758, -8.111555
-5.3342814, 1.9440918, -8.082825
-5.2959743, 2.0207062, -8.111555
