0.19153613, 9.854534, 0.05746084
2.825158, 7.7189064, -8.561666
-1.3215994, 2.815581, -3.6583402
-7.833828, -0.48841715, -8.00621
-10.247183, -1.292869, -6.215348
-5.1235914, 1.8387469, -5.6407394
-7.393295, 3.6870706, -2.6240451
-11.013328, -1.2545617, -2.231396
-11.482592, -2.5091233, -6.2345014
-7.651869, -2.7868507, -5.947197
-7.3166804, -2.0398598, -4.6160207
-9.9790325, -0.17238252, -1.2258313
-11.549629, -1.4269443, -0.23942018
-11.358093, -2.078167, -0.45010993
-10.093954, -0.7565677, -0.5746084
-9.375694, 0.2873042, -0.78529817
-9.730036, -0.08619126, -0.7757214
-10.304645, -0.32561144, -0.94810385
-10.43872, 0.1436521, -1.7908629
-10.103531, 0.78529817, -2.0015526
-9.528923, 1.0534488, -2.078167
-9.595961, 0.81402856, -2.528277
-9.308656, 0.9864111, -3.1124623
-9.165004, 0.58418524, -3.3806129
-9.193734, 0.8810662, -3.3327289
-8.90643, 1.1587936, -3.4284968
-9.011775, 0.93852705, -3.6296098
-9.088389, 1.0534488, -3.7445314
-8.90643, 1.1300632, -3.9839516
-8.772355, 1.4173675, -3.9552212
-8.791509, 1.3120226, -4.098873
-8.647857, 1.541866, -4.0892963
-8.925584, 1.6376339, -4.2425256
-8.695741, 1.8962077, -4.3957543
-8.532935, 1.934515, -4.31914
-8.724471, 1.7046716, -4.3957543
-8.714894, 1.7717092, -4.280833
-8.7053175, 1.8387469, -4.060566
-8.858546, 1.6950948, -4.1946416
-8.724471, 1.7908629, -4.0701427
-8.896853, 1.685518, -4.0797195
-9.107543, 1.7429788, -3.9264908
-8.944737, 1.8100165, -3.8402996
-8.896853, 1.8483237, -3.8307228
-8.858546, 1.9440918, -3.9456444
-8.896853, 1.7429788, -4.003105
-8.686164, 1.6950948, -4.156334
-8.39886, 1.7717092, -4.367024
-8.896853, 1.9728222, -4.8267107
-9.059659, 1.5705963, -3.821146
-8.896853, 1.8387469, -3.7445314
-8.7532015, 2.2984335, -4.146757
-8.810662, 2.078167, -3.8786068
-9.346964, 1.8674773, -3.4763808
-9.193734, 1.9536686, -3.5625722
-8.6095495, 1.733402, -3.8019924
-8.887277, 1.6280571, -3.8881836
-9.212888, 1.6759412, -3.6008794
-9.097966, 2.2026656, -3.5242648
-8.992621, 1.934515, -3.6774938
-8.944737, 1.9440918, -3.8881836
-9.021352, 1.9153614, -3.7732618
-8.935161, 2.030283, -3.6104562
-8.868123, 2.1260512, -3.7541082
-8.839393, 1.7621324, -3.9456444
-8.935161, 1.685518, -3.8594532
-8.896853, 1.8291701, -3.821146
-8.781932, 2.078167, -3.6870706
-8.896853, 1.8387469, -3.8786068
-8.935161, 1.9153614, -3.8402996
-8.973468, 1.9632454, -3.6870706
-8.983045, 2.0494366, -3.5913026
-8.992621, 1.8579005, -3.6583402
-8.992621, 1.7429788, -3.763685
-8.935161, 1.8100165, -3.6583402
-8.944737, 1.9919758, -3.821146
-8.954314, 1.9440918, -3.7062242
-9.030929, 1.8962077, -3.5529952
-9.107543, 1.982399, -3.4284968
-9.203311, 1.8483237, -3.5051112
-9.030929, 1.8674773, -3.5338416
-8.916007, 1.8770541, -3.6104562
-9.011775, 1.9057846, -3.5913026
-8.954314, 1.9536686, -3.6391866
-8.944737, 2.0494366, -3.5913026
-8.868123, 2.030283, -3.6966474
-8.916007, 1.9919758, -3.715801
-8.829816, 1.8866309, -3.7062242
-8.983045, 1.934515, -3.7732618
-8.868123, 1.9057846, -3.6583402
-9.021352, 1.8387469, -3.667917
-8.90643, 1.8770541, -3.7445314
-9.050082, 1.8100165, -3.5913026
-9.097966, 1.9057846, -3.5913026
-8.868123, 1.982399, -3.6583402
-8.896853, 1.9536686, -3.7924154
-9.011775, 1.9249382, -3.763685
-9.011775, 1.982399, -3.667917
-8.963891, 1.9249382, -3.7349546
-8.925584, 1.9249382, -3.8115692
-8.714894, 1.8770541, -3.8402996
-9.078813, 1.9632454, -3.7349546
-9.050082, 1.8004397, -3.5913026
-8.992621, 1.8004397, -3.6391866
-8.916007, 1.8962077, -3.8307228
-8.963891, 1.9632454, -3.86903
-8.896853, 2.0207062, -3.7732618
-8.896853, 2.0494366, -3.8307228
-8.916007, 1.8387469, -3.86903
-8.973468, 1.7717092, -3.7732618
-8.781932, 2.0494366, -3.9456444
-9.011775, 1.9249382, -3.7349546
-9.021352, 1.8579005, -3.6583402
-8.8777, 1.9728222, -3.8881836
-8.743625, 1.8962077, -3.9935284
-8.839393, 1.8866309, -3.9456444
-8.7053175, 2.1260512, -4.012682
-8.887277, 1.934515, -3.8115692
-8.916007, 1.8962077, -3.7828386
-8.8777, 1.9440918, -3.9839516
-8.839393, 1.9919758, -3.86903
-8.916007, 2.0111294, -3.8498764
-8.935161, 2.0398598, -3.8115692
-8.896853, 1.8004397, -3.8019924
-8.925584, 1.8579005, -3.821146
-8.839393, 1.9632454, -3.9073372
-8.848969, 2.0973208, -3.9264908
-8.8777, 2.0398598, -3.8881836
-8.820239, 1.8674773, -3.8594532
-8.8777, 1.8100165, -3.9073372
-8.935161, 1.9057846, -3.916914
-8.8777, 2.0398598, -3.8594532
-8.858546, 2.0685902, -3.8307228
-8.944737, 1.9440918, -3.7828386
-8.935161, 1.9153614, -3.8402996
-8.8777, 1.9057846, -3.8977604
-8.820239, 1.9249382, -3.8402996
-8.839393, 2.0015526, -3.8977604
-8.963891, 1.8962077, -3.86903
-8.916007, 1.9249382, -3.8977604
-8.829816, 1.9057846, -3.8977604
-8.8777, 1.9536686, -3.9456444
-8.896853, 2.0015526, -3.8594532
-8.983045, 1.9728222, -3.7828386
-8.829816, 1.9057846, -3.8115692
-8.848969, 2.1260512, -3.9073372
-8.944737, 1.6950948, -3.964798
-8.734048, 2.0494366, -3.9264908
-8.743625, 1.7812861, -3.9935284
-8.963891, 1.9919758, -3.8498764
-8.896853, 1.9728222, -3.8881836
-8.820239, 1.982399, -3.7732618
-9.126697, 2.1164744, -3.7349546
-8.896853, 1.5131354, -3.6870706
-8.686164, 2.0111294, -3.8019924
-8.781932, 1.9440918, -4.0797195
-8.839393, 1.8674773, -4.0797195
-8.820239, 2.0015526, -4.185065
-8.781932, 1.8483237, -3.8402996
-8.839393, 1.8962077, -3.821146
-8.963891, 1.8866309, -3.8307228
-8.954314, 1.8962077, -3.8594532
-8.954314, 1.9919758, -3.821146
-8.935161, 1.8962077, -3.8019924
-8.887277, 1.8866309, -3.8498764
-8.8777, 1.7908629, -4.0414124
-8.801085, 1.8962077, -4.0414124
-8.781932, 2.0111294, -4.003105
-8.829816, 1.8483237, -3.7445314
-8.839393, 1.9919758, -3.8402996
-8.887277, 1.8674773, -3.9743748
-8.916007, 1.7525556, -3.8786068
-8.858546, 1.8579005, -4.0318356
-8.820239, 1.9919758, -3.9839516
-8.781932, 1.9153614, -3.86903
-8.887277, 2.1739352, -3.8786068
-8.848969, 2.0494366, -3.8786068
-8.887277, 1.8866309, -3.8115692
-8.983045, 1.7525556, -3.7828386
-8.829816, 2.1547816, -3.8881836
-8.762778, 1.9153614, -3.9552212
-8.925584, 1.8387469, -4.0414124
-8.734048, 1.733402, -4.003105
-8.513782, 2.6623523, -4.146757
-8.848969, 2.4516625, -3.7828386
-9.375694, 1.6567876, -3.5529952
-9.14585, 1.541866, -3.86903
-8.580819, 1.5801731, -3.9456444
-8.868123, 2.0685902, -3.7924154
-9.030929, 2.0685902, -3.6966474
-8.963891, 2.2218192, -3.6966474
-8.935161, 2.030283, -3.9360676
-8.772355, 1.982399, -3.964798
-8.954314, 1.8483237, -3.9839516
-8.829816, 1.9728222, -3.7924154
-8.973468, 1.8770541, -3.8115692
-8.714894, 1.6759412, -4.1659107
