1.8866309, 9.892841, -0.019153614
1.3982137, 9.662998, -0.095768064
1.4077905, 9.662998, 0.20111294
1.7621324, 9.720459, 0.4309563
1.0151415, 9.624691, 0.17238252
1.3790601, 9.940725, -0.31603462
1.1971009, 9.854534, -0.019153614
1.1971009, 9.346964, 0.06703765
1.2449849, 9.193734, -0.40222588
1.7142484, 9.490616, -0.36391866
1.7621324, 10.160992, -0.41180268
1.8004397, 10.275913, 0.33518824
0.6799533, 9.672575, 0.7565677
1.1300632, 11.81778, -0.38307226
2.1164744, 8.523358, 0.90021986
-1.4652514, 7.5082164, -3.5338416
1.1013328, 9.557653, -2.3942018
0.35434186, 10.611102, -3.466804
-0.6799533, 12.200851, -2.6719291
-0.17238252, 11.951855, -1.532289
-0.5650316, 9.490616, -2.4516625
-1.1013328, 9.730036, -2.5761611
-1.388637, 9.730036, -1.7812861
0.5746084, 10.218452, -1.8770541
-1.0342951, 11.693281, -0.16280572
0.5554548, 10.1226845, -1.5227122
0.34476504, 10.630256, -2.681506
-2.6623523, 10.160992, -2.183512
-0.60333884, 9.279925, -1.0247183
-1.4173675, 6.244078, -3.265691
0.48841715, 2.27928, -0.842759
-0.90979666, -11.070788, 1.8770541
0.50757074, -7.8912888, 5.746084
5.209783, -5.085284, 3.6774938
17.017986, 9.375694, 14.5567465
1.0726024, 9.069236, 9.232041
6.7324953, -8.360553, 7.824251
3.7732618, -5.410896, 16.261417
16.816874, 17.343597, 18.713081
1.3790601, -4.5777135, 11.9135475
11.15698, -14.077906, 7.1155677
18.20551, 7.9870567, 2.1739352
6.1770406, 10.180145, 1.8962077
-6.6271505, 1.1492168, 10.314221
-1.2545617, -8.418014, 7.73806
1.1971009, -4.4436383, 12.354081
14.18325, 12.938266, 8.015787
6.253655, 0.02873042, 5.9759274
0.17238252, -2.4516625, 7.240066
2.6623523, 3.7924154, 9.040505
2.4612393, 7.603985, 11.36767
2.0685902, 6.2823853, 8.954314
3.572149, 2.2218192, 7.326257
4.367024, 2.7868507, 6.7612257
3.9264908, 4.003105, 8.408437
4.0797195, 3.3327289, 8.063671
4.213795, 2.7964275, 8.42759
4.5681367, 2.825158, 8.130709
4.8841715, 2.9783869, 7.8625584
4.6351743, 3.0262709, 7.9966335
4.280833, 3.122039, 8.24563
4.0797195, 3.1603463, 8.389283
3.964798, 3.1028855, 8.293514
3.667917, 3.1124623, 8.226477
3.5242648, 2.920926, 8.475474
3.8402996, 2.9975405, 8.418014
3.9456444, 3.1794999, 8.42759
4.0414124, 3.1507695, 8.283937
4.0892963, 3.0262709, 8.283937
4.271256, 2.8443117, 8.236053
4.4340615, 2.7964275, 8.149862
4.357447, 2.9400797, 8.169016
4.271256, 2.9975405, 8.169016
4.232949, 2.96881, 8.236053
4.0892963, 3.0550013, 8.207323
3.9839516, 2.9879637, 8.331821
3.9073372, 3.0550013, 8.236053
3.9360676, 3.0454245, 8.274361
4.2042184, 2.834735, 8.236053
4.2521024, 2.9113493, 8.178593
4.2521024, 3.0454245, 8.121132
4.213795, 2.9017725, 8.236053
4.10845, 3.0262709, 8.226477
4.0414124, 3.0454245, 8.2169
4.0414124, 2.9400797, 8.255207
4.1946416, 2.9879637, 8.283937
4.098873, 2.9592333, 8.255207
4.098873, 2.9879637, 8.149862
4.232949, 2.9496565, 8.236053
4.1659107, 2.9400797, 8.236053
4.098873, 2.930503, 8.207323
4.0797195, 2.8443117, 8.590396
4.232949, 2.8634653, 8.255207
4.232949, 2.930503, 8.2169
4.185065, 2.882619, 8.236053
4.2425256, 2.873042, 8.207323
4.213795, 2.8921957, 8.24563
4.213795, 2.8443117, 8.24563
4.232949, 2.8921957, 8.226477
4.2042184, 2.920926, 8.197746
4.223372, 2.8634653, 8.197746
4.2425256, 2.8443117, 8.2169
4.31914, 2.7485435, 8.24563
4.2904096, 2.8538885, 8.226477
4.223372, 2.8443117, 8.293514
4.3766007, 2.825158, 8.322245
4.357447, 2.873042, 8.159439
4.2999864, 2.8538885, 8.178593
4.309563, 2.815581, 8.236053
4.271256, 2.9113493, 8.2169
4.2042184, 2.8634653, 8.197746
4.2042184, 2.825158, 8.1881695
4.2521024, 2.8634653, 8.178593
4.261679, 2.8634653, 8.207323
4.271256, 2.8634653, 8.197746
4.2999864, 2.7868507, 8.1881695
4.1946416, 2.9879637, 8.159439
4.0892963, 2.9496565, 8.293514
4.223372, 2.8060043, 8.236053
4.261679, 2.882619, 8.121132
4.185065, 2.9400797, 8.24563
4.3861775, 2.7485435, 8.350976
4.4723687, 2.9592333, 8.101978
4.012682, 2.930503, 8.00621
4.012682, 2.6719291, 8.283937
4.309563, 3.1124623, 8.331821
4.1946416, 2.920926, 8.178593
4.2425256, 2.6910827, 8.226477
4.596867, 2.6431987, 8.293514
4.414908, 2.8443117, 8.149862
4.1946416, 2.873042, 8.24563
4.3861775, 2.7868507, 8.207323
4.4244847, 2.777274, 8.1402855
4.3382936, 2.72939, 8.169016
4.3861775, 2.767697, 8.207323
4.2904096, 2.873042, 8.2169
4.261679, 2.8538885, 8.178593
4.3287168, 2.825158, 8.1402855
4.31914, 2.8060043, 8.1881695
4.2904096, 2.8538885, 8.236053
4.2999864, 2.8443117, 8.1881695
4.261679, 2.9496565, 8.101978
4.0892963, 2.9496565, 8.236053
4.213795, 2.7389667, 8.264784
4.31914, 2.834735, 8.197746
4.309563, 2.930503, 8.111555
4.223372, 2.9400797, 8.197746
4.2521024, 2.9017725, 8.207323
4.1946416, 2.9017725, 8.255207
4.185065, 2.873042, 8.2169
4.223372, 2.882619, 8.178593
4.2999864, 2.9113493, 8.178593
4.2999864, 2.9113493, 8.226477
4.2999864, 2.8634653, 8.130709
4.185065, 2.9017725, 8.178593
4.1180267, 2.9592333, 8.24563
4.2425256, 2.7389667, 8.24563
4.3382936, 2.8060043, 8.197746
4.280833, 2.9400797, 8.1402855
4.367024, 2.7964275, 8.236053
4.2999864, 2.8538885, 8.197746
4.1946416, 2.882619, 8.2169
4.261679, 2.8538885, 8.226477
4.280833, 2.8634653, 8.1402855
4.223372, 2.882619, 8.2169
4.271256, 2.8443117, 8.149862
4.3287168, 2.825158, 8.159439
4.175488, 2.9496565, 8.1881695
4.213795, 2.9496565, 8.264784
4.3382936, 2.6910827, 8.226477
4.3478703, 2.9400797, 8.101978
4.31914, 2.8921957, 8.2169
4.2999864, 2.8060043, 8.101978
4.185065, 2.9017725, 8.130709
4.223372, 2.8538885, 8.264784
4.280833, 2.8060043, 8.197746
4.2904096, 2.815581, 8.207323
4.3382936, 2.8443117, 8.178593
4.405331, 2.777274, 8.197746
4.367024, 2.719813, 8.178593
4.280833, 2.9017725, 8.197746
4.3382936, 2.767697, 8.1881695
4.4915223, 2.7102363, 8.236053
4.3957543, 2.777274, 8.2169
4.2999864, 2.8060043, 8.159439
4.3766007, 2.8060043, 8.149862
4.367024, 2.8634653, 8.197746
4.2904096, 2.777274, 8.197746
4.280833, 2.767697, 8.197746
4.3287168, 2.825158, 8.2169
4.31914, 2.834735, 8.2169
4.309563, 2.8634653, 8.1881695
4.3766007, 2.815581, 8.149862
4.271256, 2.825158, 8.159439
4.10845, 3.0071173, 8.178593
4.213795, 2.825158, 8.274361
4.3861775, 2.719813, 8.322245
4.5872903, 2.882619, 8.0445175
4.1371803, 3.1507695, 7.843405
3.7828386, 2.7868507, 8.130709
4.0414124, 2.7485435, 8.542512
4.156334, 2.9592333, 8.360553
4.156334, 2.815581, 8.1881695
4.3382936, 2.882619, 7.967903
4.4819455, 2.7485435, 8.197746
4.3766007, 2.8921957, 8.1881695
4.2999864, 2.7006595, 8.178593
4.6160207, 2.5953147, 8.236053
4.501099, 3.016694, 8.054094
4.146757, 2.7581203, 8.121132
4.3766007, 2.6240451, 8.178593
4.5777135, 2.815581, 8.1881695
4.357447, 2.7964275, 8.082825
4.261679, 2.8060043, 8.121132
4.3478703, 2.873042, 8.255207
4.3478703, 2.6527755, 8.331821
4.357447, 2.777274, 8.236053
4.3861775, 2.7868507, 8.082825
4.4819455, 2.815581, 8.1402855
