0.7182605, 9.854534, 0.38307226
1.0821792, 9.883265, -0.18195933
0.7757214, 9.519346, -0.49799395
0.6703765, 9.346964, -0.047884032
0.78529817, 9.509769, -0.2681506
0.62249243, 9.011775, 0.36391866
0.51714754, 9.375694, 1.2066777
0.33518824, 10.093954, 1.6184803
0.29688102, 8.944737, 2.2888567
-1.0342951, 8.42759, 2.633622
-0.8523358, 7.393295, 3.9839516
-2.078167, 7.8529816, 4.10845
-1.3215994, 7.144298, 4.8267107
-2.2409728, 6.5984197, 5.439626
-1.8195933, 6.0238113, 5.3821654
-2.7389667, 5.813122, 5.9663506
-1.6663644, 5.3725886, 6.033388
-2.2409728, 4.7500963, 7.1155677
-1.2737153, 4.175488, 5.583278
-3.6870706, 2.777274, 7.5465236
-1.5514427, 3.3039982, 6.6846113
-3.6104562, 2.1739352, 7.192182
-3.466804, 1.5993267, 7.192182
-3.2848446, 0.2873042, 6.4739213
-3.8977604, -0.29688102, 6.9240313
-4.232949, -2.3463178, 6.4164605
-4.912902, -4.156334, 6.215348
-6.703765, -4.1371803, 8.2169
-18.397045, -16.577452, 18.83758
-5.6120086, -5.8705826, 9.346964
-2.767697, 16.19438, 6.847417
-0.6512229, -0.45968673, 11.57836
-9.854534, -6.215348, 8.580819
-12.191275, -5.5737014, 6.83784
-13.196839, -6.7708025, 5.401319
-6.7133417, -0.62249243, 5.0182467
-6.38773, -5.861006, 6.9527617
-3.0262709, -7.920019, 4.0701427
-3.1316159, -5.583278, 2.2601264
0.49799395, -2.2218192, -0.5363012
0.4309563, -2.815581, -1.3694834
-1.7525556, -4.4723687, -0.48841715
-7.3645644, -7.747637, 5.9567738
-18.722658, -18.157625, 10.773908
4.3287168, 9.481039, 7.345411
-4.960786, -9.797073, 6.8761473
-6.933608, -4.7500963, 6.6367273
-7.153875, -2.3942018, 5.9759274
-5.315128, -1.7621324, 7.4986396
-5.841852, -0.61291564, 8.6574335
-6.483498, -1.436521, 7.5561004
-6.1100025, -0.9672575, 6.943185
-6.8665705, -1.2066777, 7.9870567
-6.751649, -1.5227122, 7.374141
-6.1770406, -1.9632454, 6.991069
-6.129156, -2.3080103, 6.6846113
-6.1770406, -2.3942018, 6.6175733
-6.2249246, -2.4708161, 6.742072
-6.1387334, -2.566584, 6.588843
-5.947197, -2.3942018, 6.8091097
-6.0238113, -2.1260512, 6.943185
-6.5601125, -2.1068976, 6.9719152
-6.5026517, -1.6280571, 6.8186865
-6.7708025, -1.8483237, 6.943185
-6.2632318, -1.4652514, 7.038953
-6.349423, -1.5610195, 7.240066
-6.483498, -1.1587936, 7.4124484
-6.588843, -1.2737153, 7.0964136
-6.2632318, -1.3024458, 6.943185
-6.244078, -1.4173675, 7.2687964
-6.397307, -1.3503298, 7.1730285
-6.1866174, -1.3599066, 7.153875
-6.042965, -1.292869, 7.2592196
-6.2823853, -1.436521, 7.038953
-6.14831, -1.2162545, 7.2592196
-6.2823853, -1.3503298, 7.2592196
-6.215348, -1.4748282, 7.1059904
-6.081272, -1.292869, 7.2687964
-6.2632318, -1.340753, 7.2209125
-6.215348, -0.9768343, 7.326257
-6.38773, -1.283292, 7.0581064
-6.129156, -1.1683705, 7.3549876
-6.1004257, -1.1683705, 7.1826053
-6.2345014, -1.3024458, 7.1251445
-6.1770406, -1.2066777, 7.249643
-6.157887, -1.1492168, 7.297527
-6.157887, -1.2641385, 7.0581064
-6.1770406, -1.2641385, 7.28795
-6.205771, -1.1875241, 7.2592196
-6.1866174, -1.2449849, 7.297527
-6.1100025, -1.2066777, 7.1826053
-6.1866174, -1.091756, 7.431602
-6.081272, -1.043872, 7.335834
-6.129156, -1.091756, 7.240066
-6.2823853, -1.0726024, 7.3166804
-6.1004257, -1.1587936, 7.3166804
-6.1866174, -1.1971009, 7.1730285
-6.215348, -1.091756, 7.335834
-6.2632318, -1.2162545, 7.144298
-6.081272, -1.0055647, 7.326257
-6.1387334, -1.043872, 7.3071036
-6.301539, -1.1875241, 7.3166804
-6.081272, -1.0534488, 7.2113357
-6.291962, -1.0534488, 7.326257
-6.157887, -0.94810385, 7.2592196
-6.215348, -1.0630256, 7.3645644
-6.0621185, -0.93852705, 7.3166804
-6.167464, -1.1204864, 7.3549876
-6.157887, -1.0534488, 7.2592196
-6.129156, -1.091756, 7.335834
-6.253655, -0.9959879, 7.441179
-6.1195793, -1.0726024, 7.3071036
-6.1387334, -1.0342951, 7.2687964
-6.14831, -1.0151415, 7.383718
-6.0142345, -0.90021986, 7.240066
-6.090849, -0.9864111, 7.3071036
-6.167464, -0.9576807, 7.2687964
-5.9759274, -0.90021986, 7.326257
-6.14831, -1.0342951, 7.2783732
-6.2345014, -0.81402856, 7.28795
-6.1866174, -0.9864111, 7.153875
-6.253655, -0.63206923, 7.201759
-6.4260373, -0.7182605, 7.536947
-5.93762, -0.18195933, 7.2592196
-6.244078, -0.40222588, 7.374141
-6.2728086, -0.45968673, 7.4028716
-6.1195793, -0.22984336, 7.517793
-6.205771, -0.095768064, 7.8146744
-6.3302693, -0.4405331, 7.2592196
-6.2728086, -0.22984336, 7.297527
-6.301539, -0.19153613, 7.3166804
-6.579266, -0.35434186, 7.374141
-6.14831, -0.4309563, 7.431602
-6.196194, -0.24899697, 7.4603324
-6.0525417, -0.2873042, 7.086837
-6.2632318, -0.24899697, 7.517793
-5.9567738, -0.047884032, 7.5465236
-5.9567738, -0.35434186, 7.5082164
-5.535394, -0.1340753, 7.603985
-5.93762, -0.05746084, 7.431602
-6.253655, -0.08619126, 7.603985
-5.9280434, -0.22026655, 7.2783732
-5.7365074, -0.06703765, 7.517793
-5.6120086, 0.019153614, 7.6710224
-5.755661, -0.038307227, 7.7667904
-5.631162, 0.019153614, 7.6614456
-5.6120086, -0.06703765, 7.699753
-5.765238, 0.05746084, 7.699753
-6.0238113, -0.009576807, 7.565677
-6.0142345, 0.12449849, 7.6231384
-6.042965, 0.22026655, 7.6710224
-6.090849, 0.12449849, 7.642292
-5.9663506, 0.038307227, 7.565677
-5.9184666, 0.12449849, 7.6614456
-5.851429, 0.076614454, 7.5848308
-5.813122, 0.11492168, 7.603985
-5.803545, 0.076614454, 7.699753
-5.707777, 0.095768064, 7.5848308
-5.66947, 0.095768064, 7.6614456
-5.6982, 0.019153614, 7.690176
-5.707777, 0.12449849, 7.73806
-5.755661, 0.1340753, 7.680599
-5.8226986, 0.08619126, 7.651869
-5.793968, 0.11492168, 7.5944076
-5.861006, 0.12449849, 7.690176
-5.7748146, 0.12449849, 7.642292
-5.803545, 0.15322891, 7.6710224
-5.8322754, 0.11492168, 7.699753
-5.793968, 0.1340753, 7.5848308
-5.717354, 0.18195933, 7.7093296
-5.755661, 0.11492168, 7.651869
-5.717354, 0.10534488, 7.651869
-5.765238, 0.11492168, 7.632715
-5.7365074, 0.076614454, 7.680599
-5.7843914, 0.08619126, 7.6614456
-5.6982, 0.15322891, 7.680599
-5.7269306, 0.10534488, 7.699753
-5.755661, 0.15322891, 7.690176
-5.7843914, 0.1436521, 7.6710224
-5.7748146, 0.095768064, 7.7093296
-5.7748146, 0.095768064, 7.680599
-5.707777, 0.12449849, 7.690176
-5.7269306, 0.1340753, 7.699753
-5.755661, 0.1436521, 7.7093296
-5.7365074, 0.095768064, 7.651869
-5.659893, 0.12449849, 7.642292
-5.803545, 0.12449849, 7.6614456
-5.765238, 0.18195933, 7.690176
-5.7365074, 0.10534488, 7.642292
-5.803545, 0.11492168, 7.6614456
-5.746084, 0.15322891, 7.6614456
-5.6982, 0.15322891, 7.7189064
-5.7365074, 0.1436521, 7.642292
-5.746084, 0.08619126, 7.6231384
-5.746084, 0.15322891, 7.7093296
-5.7365074, 0.095768064, 7.642292
-5.7748146, 0.12449849, 7.6135616
-5.7269306, 0.12449849, 7.6614456
-5.803545, 0.15322891, 7.6614456
-5.7748146, 0.17238252, 7.680599
-5.8226986, 0.047884032, 7.7093296
-5.7365074, 0.18195933, 7.642292
-5.755661, 0.1340753, 7.699753
-5.746084, 0.1436521, 7.6710224
-5.861006, 0.1340753, 7.699753
-5.765238, 0.12449849, 7.6710224
-5.7365074, 0.16280572, 7.690176
-5.7269306, 0.20111294, 7.651869
-5.7843914, 0.10534488, 7.6614456
-5.765238, 0.16280572, 7.6710224
-5.8322754, 0.16280572, 7.651869
-5.7748146, 0.16280572, 7.6614456
-5.7748146, 0.11492168, 7.603985
-5.7365074, 0.17238252, 7.73806
-5.7365074, 0.16280572, 7.6614456
-5.7365074, 0.10534488, 7.6231384
