1.1779473, 10.342952, -1.3599066
-2.3175871, 9.356541, -2.27928
2.5378537, 7.565677, -6.196194
3.4572272, 10.582372, -1.5131354
1.934515, 10.553641, 0.6991069
0.5650316, 9.040505, -1.388637
1.4269443, 9.203311, -1.3120226
0.4213795, 10.419566, -0.05746084
-2.681506, 11.386824, -0.50757074
1.043872, 9.730036, 0.25857377
-0.30645782, 9.672575, 1.2449849
-0.1436521, 9.385271, -2.3654714
0.038307227, 9.078813, 0.21068975
-0.22026655, 9.32781, -0.7086837
-0.7757214, 9.557653, -0.12449849
-0.6703765, 9.375694, 0.24899697
-1.043872, 8.772355, -0.076614454
-0.16280572, 9.155427, 0.29688102
-1.541866, 7.795521, 0.47884035
-0.47884035, 8.274361, -0.59376204
-0.78529817, 7.728483, 0.92895025
-1.0247183, 7.1634517, 2.1452048
-1.6280571, 6.895301, 0.81402856
-1.5035586, 7.4986396, -1.3024458
0.4309563, 5.104438, -0.48841715
1.3024458, -3.1603463, 7.0006456
-4.3861775, -17.190369, 18.885464
-11.329363, -0.94810385, 14.958972
-5.410896, 8.437167, 16.328455
-2.5187001, 3.3327289, 11.271901
-4.3861775, 1.8195933, 18.100164
-10.43872, 7.6231384, 17.583017
-2.9975405, 2.7006595, 0.5554548
1.3503298, 1.3215994, -0.6991069
3.715801, -0.7661445, 4.7309427
-2.9783869, 5.209783, 16.050728
-8.66701, 6.789956, 7.7667904
-0.23942018, 3.9839516, 1.5514427
0.46926352, -2.0398598, 12.5743475
-5.2768207, 3.667917, 9.050082
-5.5258174, 4.0318356, 9.816227
-1.2449849, 2.825158, 7.9487495
-5.3438582, 1.4460979, 8.6574335
-3.0933087, 3.2273839, 8.303091
-2.4708161, 2.8443117, 8.42759
-4.012682, 2.9783869, 8.561666
-3.8402996, 2.7964275, 8.7053175
-2.815581, 2.9879637, 8.66701
-3.5625722, 1.8387469, 8.2169
-3.1794999, 2.2984335, 8.456321
-2.767697, 2.7389667, 8.580819
-3.323152, 2.566584, 8.973468
-3.763685, 2.4612393, 8.868123
-2.719813, 3.763685, 8.513782
-2.6048915, 2.566584, 8.571242
-3.0454245, 2.0015526, 8.820239
-3.6966474, 2.882619, 8.810662
-3.3135753, 3.5434184, 8.839393
-2.920926, 2.4708161, 8.293514
-3.5338416, 2.9975405, 9.021352
-3.7445314, 3.1028855, 8.580819
-2.930503, 3.0550013, 8.580819
-3.7541082, 3.1028855, 8.312668
-3.1890767, 3.0933087, 8.6095495
-2.882619, 2.6240451, 8.887277
-3.2944214, 3.0262709, 8.504205
-3.074155, 3.2273839, 8.66701
-3.2848446, 2.719813, 8.236053
-2.4612393, 3.4093432, 8.916007
-2.8921957, 2.9400797, 8.66701
-2.7868507, 2.9017725, 8.762778
-3.217807, 2.96881, 8.485051
-3.1316159, 3.1124623, 8.504205
-3.2944214, 2.920926, 8.494628
-3.1890767, 3.169923, 8.676587
-3.3614593, 3.0071173, 8.561666
-3.122039, 3.083732, 8.571242
-3.572149, 3.064578, 8.437167
-2.6719291, 2.9400797, 8.801085
-2.9975405, 2.7868507, 8.599973
-3.1028855, 3.0358477, 8.523358
-2.9783869, 3.2082303, 8.63828
-3.3614593, 2.882619, 8.628703
-3.0550013, 2.96881, 8.686164
-3.4380736, 3.2082303, 8.542512
-3.5529952, 3.0262709, 8.437167
-2.873042, 2.920926, 8.37013
-3.0550013, 2.9017725, 8.66701
-2.9496565, 3.0358477, 8.724471
-2.9496565, 2.9975405, 8.6095495
-3.1890767, 2.7964275, 8.676587
-3.2944214, 2.9496565, 8.571242
-2.8443117, 3.2082303, 8.647857
-3.169923, 2.7964275, 8.456321
-3.1603463, 3.016694, 8.561666
-3.0262709, 3.064578, 8.820239
-3.2944214, 2.8443117, 8.619126
-3.1603463, 2.96881, 8.532935
-2.930503, 2.9592333, 8.647857
-3.265691, 3.0933087, 8.619126
-3.2465374, 2.8634653, 8.42759
-2.9975405, 3.2369606, 8.647857
-3.083732, 2.9975405, 8.791509
-3.0454245, 2.7581203, 8.504205
-2.9017725, 2.9400797, 8.552089
-3.371036, 2.815581, 8.686164
-3.1890767, 2.6623523, 8.858546
-2.6527755, 3.0550013, 8.532935
-2.920926, 3.1794999, 8.523358
-3.1316159, 3.016694, 8.561666
-2.9783869, 3.1316159, 8.571242
-3.1411927, 2.96881, 8.7532015
-3.7253778, 2.633622, 8.676587
-3.1890767, 2.9783869, 8.465898
-3.2561142, 3.2561142, 8.418014
-3.217807, 3.2465374, 8.686164
-3.217807, 2.8921957, 8.485051
-3.0933087, 2.767697, 8.619126
-2.767697, 2.9879637, 8.724471
-2.9496565, 2.825158, 8.619126
-2.7868507, 2.8921957, 8.724471
-3.3039982, 2.7964275, 8.628703
-3.2273839, 2.6719291, 8.686164
-3.217807, 3.0550013, 8.590396
-3.1028855, 2.9879637, 8.542512
-2.9592333, 3.2944214, 8.628703
-3.4955344, 3.1316159, 8.561666
-3.3135753, 2.7102363, 8.628703
-3.074155, 2.930503, 8.714894
-3.0071173, 2.7006595, 8.647857
-2.9879637, 2.8538885, 8.791509
-3.2561142, 2.7581203, 8.475474
-2.9975405, 2.9879637, 8.7532015
-3.064578, 2.9113493, 8.619126
-3.0933087, 2.9113493, 8.66701
-3.0262709, 2.9496565, 8.619126
-3.323152, 2.8443117, 8.552089
-3.1890767, 2.882619, 8.686164
-3.064578, 2.834735, 8.561666
-3.2752678, 2.8921957, 8.676587
-3.0358477, 2.7485435, 8.599973
-2.9975405, 3.0358477, 8.695741
-3.1890767, 2.815581, 8.599973
-2.9975405, 2.815581, 8.66701
-3.0071173, 2.825158, 8.7053175
-3.1028855, 2.882619, 8.63828
-3.1316159, 2.9592333, 8.6574335
-3.169923, 2.8921957, 8.552089
-3.1603463, 2.9017725, 8.7053175
-3.1124623, 2.8060043, 8.6095495
-2.9975405, 2.834735, 8.724471
-3.1794999, 2.825158, 8.63828
-3.0550013, 2.873042, 8.619126
-2.9783869, 2.9592333, 8.6574335
-3.2369606, 2.8538885, 8.63828
-3.0550013, 2.9975405, 8.686164
-3.1124623, 2.8634653, 8.580819
-2.9113493, 2.815581, 8.714894
-3.083732, 2.96881, 8.628703
-3.169923, 2.72939, 8.66701
-3.0933087, 2.834735, 8.743625
-3.0550013, 2.9879637, 8.561666
-3.1890767, 2.882619, 8.6095495
-3.1794999, 2.815581, 8.561666
-3.1316159, 2.9113493, 8.724471
-3.4476504, 2.767697, 8.590396
-3.0550013, 2.825158, 8.619126
-3.0358477, 2.882619, 8.599973
-3.122039, 2.882619, 8.628703
-3.0358477, 2.9592333, 8.6095495
-3.016694, 2.815581, 8.619126
-3.2273839, 2.834735, 8.743625
-3.217807, 2.72939, 8.63828
-3.016694, 2.9592333, 8.724471
-3.1411927, 2.7389667, 8.552089
-3.0071173, 2.930503, 8.734048
-3.2944214, 2.825158, 8.580819
-3.1028855, 2.873042, 8.7053175
-3.265691, 2.8443117, 8.561666
-3.064578, 2.834735, 8.628703
-3.2369606, 2.9113493, 8.695741
-3.122039, 2.7868507, 8.571242
-3.016694, 2.9496565, 8.647857
-3.217807, 2.777274, 8.561666
-3.122039, 2.815581, 8.647857
-3.1411927, 2.7581203, 8.6095495
-3.1986535, 2.882619, 8.63828
-3.217807, 2.8921957, 8.504205
-3.169923, 2.8634653, 8.647857
-3.2944214, 2.8921957, 8.580819
-3.083732, 2.7581203, 8.571242
-3.1507695, 2.834735, 8.7053175
-3.1316159, 2.8634653, 8.63828
-3.1890767, 2.834735, 8.647857
-3.1507695, 2.825158, 8.599973
-3.217807, 2.9113493, 8.619126
-3.265691, 2.8538885, 8.714894
-3.0933087, 2.7964275, 8.6095495
-3.1316159, 2.8538885, 8.734048
-3.1316159, 2.8443117, 8.590396
-3.0262709, 2.7964275, 8.619126
