-2.135628, 9.672575, 0.32561144
-2.1068976, 9.701305, 0.31603462
-2.0973208, 9.662998, 0.29688102
-2.1068976, 9.643845, 0.32561144
-2.1068976, 9.682152, 0.29688102
-2.1452048, 9.701305, 0.24899697
-2.0973208, 9.749189, 0.22984336
-2.1068976, 9.653421, 0.1436521
-2.1452048, 9.691729, 0.37349546
-2.0494366, 9.672575, 0.1436521
-2.087744, 9.710882, 0.19153613
-2.1452048, 9.710882, 0.2681506
-2.1260512, 9.624691, 0.34476504
-2.183512, 9.634268, 0.29688102
-2.078167, 9.710882, 0.16280572
-2.078167, 9.662998, 0.076614454
-2.0207062, 9.730036, 0.16280572
-2.0685902, 9.720459, 0.18195933
-2.0685902, 9.80665, 0.18195933
-2.0111294, 9.959879, 0.11492168
-1.982399, 10.065224, 0.15322891
-2.2218192, 9.873688, 0.18195933
-2.336741, 9.682152, 0.38307226
-2.2505496, 9.490616, 0.23942018
-1.9057846, 9.3182335, -0.12449849
-1.436521, 8.082825, 0.4405331
-1.0055647, 7.7189064, 0.59376204
-0.9768343, 6.847417, 1.0821792
-2.7485435, 7.872135, 2.2888567
-2.7485435, 6.0621185, 2.327164
-2.8060043, 5.6982, 3.4859576
-3.3518825, 5.6982, 3.9935284
-3.3614593, 5.2863975, 4.2999864
-3.3614593, 5.851429, 5.2289367
-4.596867, 5.9663506, 6.646304
-3.6008794, 5.7843914, 6.8282633
-4.050989, 6.1770406, 7.3549876
-4.012682, 6.3781533, 6.1866174
-4.711789, 5.267244, 7.2783732
-4.7884035, 3.5625722, 7.3645644
-5.66947, 2.336741, 8.101978
-5.5641246, -0.82360536, 9.155427
-5.2959743, -3.3518825, 8.561666
-3.6391866, -3.964798, 8.8777
-3.572149, -4.663905, 8.599973
-3.3327289, -4.309563, 6.1387334
-1.7238252, -17.985243, 7.1059904
-0.8810662, -10.907983, 5.363012
-1.2641385, -6.4643445, 2.96881
-2.0398598, -9.749189, 4.7884035
-3.620033, -9.136273, 6.1387334
-0.5267244, -7.517793, 5.410896
-0.4405331, -8.2169, 5.209783
-1.4269443, -8.00621, 4.8362875
0.9864111, -8.293514, 1.6759412
1.0630256, -8.236053, 4.213795
-0.2873042, -6.445191, 2.2697031
3.323152, -9.078813, 1.7908629
3.6966474, -11.195287, 4.9799395
2.231396, -8.762778, 3.0550013
0.6512229, -7.2113357, 2.719813
-0.12449849, -8.303091, 4.3287168
-1.0342951, -11.358093, 4.012682
-0.9768343, -9.289502, 2.0494366
-1.1109096, -8.322245, 2.2697031
-0.8714894, -8.274361, 4.0701427
0.50757074, -7.9583263, 4.7979803
-0.19153613, -7.2592196, 4.855441
-0.5363012, -6.933608, 5.3725886
-1.5993267, -6.991069, 5.2289367
-4.232949, -7.9870567, 5.1906295
-4.309563, -7.7189064, 4.5394063
-3.9552212, -6.157887, 5.410896
-3.7828386, -4.261679, 6.205771
-4.0414124, -3.667917, 7.345411
-3.7062242, -4.357447, 7.824251
-9.720459, 1.292869, 8.39886
-6.215348, -4.8267107, 9.021352
-5.899313, -4.3478703, 5.2863975
-9.069236, -0.31603462, 8.379706
-5.3247046, -3.0262709, 5.410896
-3.6966474, -2.2218192, 4.8937483
-9.050082, -4.855441, 8.101978
-5.1235914, -4.2521024, 7.6135616
-4.8458643, -4.271256, 6.655881
-4.759673, -3.7924154, 6.205771
-5.8705826, -3.5434184, 7.326257
-5.506664, -3.4859576, 6.4547677
-5.746084, -3.0933087, 7.1826053
-5.746084, -3.2944214, 6.9240313
-5.707777, -3.5242648, 6.694188
-5.7365074, -3.6296098, 6.789956
-5.5258174, -3.7349546, 6.8761473
-5.765238, -3.7349546, 6.9144545
-5.6886234, -3.6391866, 6.943185
-5.6120086, -3.466804, 6.8186865
-5.66947, -3.4284968, 6.8091097
-5.717354, -3.4284968, 6.9719152
-5.506664, -3.5242648, 6.8569937
-5.5162406, -3.6104562, 6.9527617
-5.602432, -3.6583402, 6.9144545
-5.650316, -3.5913026, 6.8665705
-5.6407394, -3.572149, 6.8761473
-5.631162, -3.514688, 6.8665705
-5.717354, -3.6104562, 6.933608
-5.6886234, -3.5817258, 6.9048777
-5.6790466, -3.6296098, 6.7803793
-5.6407394, -3.572149, 6.8186865
-5.707777, -3.5338416, 6.9048777
-5.659893, -3.5338416, 6.8091097
-5.6215854, -3.667917, 6.789956
-5.6215854, -3.5817258, 6.8282633
-5.6790466, -3.6296098, 6.9048777
-5.592855, -3.4955344, 6.8282633
-5.6120086, -3.466804, 6.847417
-5.659893, -3.6008794, 6.8569937
-5.7365074, -3.6583402, 6.8186865
-5.717354, -3.6104562, 6.847417
-5.5737014, -3.5434184, 6.799533
-5.592855, -3.5625722, 6.8186865
-5.6215854, -3.5625722, 6.9144545
-5.650316, -3.5242648, 6.8665705
-5.6215854, -3.5529952, 6.8665705
-5.6120086, -3.5913026, 6.847417
-5.631162, -3.514688, 6.8761473
-5.631162, -3.5242648, 6.9240313
-5.6407394, -3.5625722, 6.7803793
-5.6886234, -3.572149, 6.885724
-5.7269306, -3.5817258, 6.83784
-5.707777, -3.5913026, 6.8761473
-5.6407394, -3.5242648, 6.885724
-5.5737014, -3.514688, 6.847417
-5.6215854, -3.5242648, 6.8665705
-5.659893, -3.5529952, 6.8761473
-5.6790466, -3.5338416, 6.8665705
-5.66947, -3.5338416, 6.9240313
-5.6407394, -3.5625722, 6.8282633
-5.659893, -3.4763808, 6.847417
-5.707777, -3.5338416, 6.9719152
-5.6407394, -3.5338416, 6.8665705
-5.602432, -3.4955344, 6.8761473
-5.6886234, -3.5529952, 6.8665705
-5.6407394, -3.5338416, 6.9144545
-5.5641246, -3.4763808, 6.9144545
-5.6407394, -3.5625722, 6.885724
-5.650316, -3.5338416, 6.8665705
-5.6790466, -3.5051112, 6.933608
-5.6407394, -3.5051112, 6.8091097
-5.4683566, -3.6008794, 6.8282633
-5.6790466, -3.5529952, 6.933608
-5.6215854, -3.5529952, 6.8186865
-5.6407394, -3.5051112, 6.885724
-5.6215854, -3.5434184, 6.8665705
-5.650316, -3.5434184, 6.8665705
-5.659893, -3.5625722, 6.83784
-5.66947, -3.5051112, 6.9144545
-5.66947, -3.4955344, 6.9048777
-5.602432, -3.5434184, 6.8282633
-5.6407394, -3.4572272, 6.895301
-5.659893, -3.5051112, 6.9048777
-5.6886234, -3.5529952, 6.8569937
-5.717354, -3.5529952, 6.847417
-5.707777, -3.466804, 6.895301
-5.6886234, -3.5242648, 6.9144545
-5.6407394, -3.5913026, 6.895301
-5.707777, -3.4380736, 6.8569937
-5.659893, -3.5529952, 6.895301
-5.6790466, -3.466804, 6.9719152
-5.717354, -3.572149, 6.895301
-5.6407394, -3.5051112, 6.9527617
-5.5258174, -3.4380736, 6.933608
-5.602432, -3.4093432, 6.9048777
-5.602432, -3.4572272, 6.895301
-5.6215854, -3.5817258, 6.9144545
-5.7269306, -3.5242648, 6.885724
-5.6407394, -3.5242648, 6.799533
-5.746084, -3.5242648, 6.933608
-5.7365074, -3.5529952, 6.9623384
-5.6790466, -3.5817258, 6.799533
-5.6790466, -3.572149, 6.895301
-5.6886234, -3.4955344, 6.9144545
-5.631162, -3.4572272, 6.885724
-5.5641246, -3.4572272, 6.9240313
-5.5258174, -3.4763808, 6.895301
-5.6215854, -3.466804, 6.8761473
-5.6790466, -3.5817258, 6.9240313
-5.631162, -3.6104562, 6.9144545
-5.6790466, -3.4955344, 6.885724
-5.746084, -3.4093432, 6.895301
-5.7365074, -3.4572272, 6.8665705
-5.707777, -3.5625722, 6.9048777
-5.6982, -3.5817258, 6.9144545
-5.707777, -3.466804, 6.9144545
-5.5162406, -3.5817258, 6.789956
-5.554548, -3.41892, 6.9623384
-5.6407394, -3.466804, 6.933608
-5.7269306, -3.4859576, 6.9240313
-5.650316, -3.4572272, 6.847417
-5.659893, -3.5051112, 6.9048777
-5.650316, -3.5625722, 6.895301
-5.6407394, -3.5242648, 6.885724
-5.650316, -3.514688, 6.9240313
-5.6215854, -3.5338416, 6.8569937
-5.659893, -3.514688, 6.9144545
-5.66947, -3.4763808, 6.8665705
-5.6215854, -3.5338416, 6.8665705
-5.6790466, -3.4955344, 6.9144545
-5.6215854, -3.4859576, 6.9048777
-5.6120086, -3.466804, 6.943185
-5.631162, -3.4763808, 6.8761473
-5.6407394, -3.4955344, 6.83784
-5.6790466, -3.5051112, 6.9240313
-5.6407394, -3.4859576, 6.9144545
-5.66947, -3.4763808, 6.8665705
-5.6982, -3.572149, 6.9527617
-5.6215854, -3.5051112, 6.885724
-5.6886234, -3.4476504, 6.9144545
-5.631162, -3.4955344, 6.8186865
-5.6886234, -3.4859576, 6.9527617
-5.66947, -3.4476504, 6.8761473
-5.592855, -3.4763808, 6.9048777
-5.592855, -3.4955344, 6.895301
-5.602432, -3.5051112, 6.83784
-5.707777, -3.5338416, 6.9048777
-5.7748146, -3.5242648, 6.8761473
-5.803545, -3.6008794, 6.8186865
-5.765238, -3.572149, 6.83784
-5.6982, -3.5242648, 6.8569937
-5.659893, -3.4859576, 6.9240313
-5.583278, -3.4284968, 6.933608
-5.6215854, -3.5051112, 6.8761473
-5.6886234, -3.4476504, 6.933608
-5.6982, -3.5051112, 6.8282633
-5.746084, -3.514688, 6.83784
-5.66947, -3.5338416, 6.7803793
-5.7269306, -3.466804, 6.895301
-5.746084, -3.466804, 6.7708025
