1.733402, 10.362105, -1.8962077
2.1260512, 10.28549, -1.2641385
2.2218192, 9.385271, -1.8100165
1.685518, 8.762778, -2.4037786
1.7142484, 9.586384, -1.6184803
2.0015526, 9.662998, -1.2449849
1.8962077, 9.844957, -1.9440918
2.2026656, 9.662998, -2.1068976
1.8195933, 9.241618, -2.0590134
1.8291701, 9.481039, -1.4269443
2.0207062, 9.605537, -2.1452048
2.135628, 9.394848, -2.3175871
2.030283, 9.394848, -1.6759412
2.0398598, 9.548077, -1.7429788
1.9057846, 9.385271, -1.9919758
2.0111294, 9.490616, -1.8483237
2.0685902, 9.490616, -1.8579005
2.0973208, 9.509769, -1.7429788
2.135628, 9.662998, -1.7812861
2.0398598, 9.624691, -1.6376339
2.27928, 9.797073, -1.7908629
2.336741, 9.730036, -1.8674773
2.2505496, 9.643845, -1.9440918
2.183512, 9.5385, -1.8387469
2.0015526, 9.346964, -2.1068976
1.982399, 9.299079, -2.030283
1.9153614, 9.279925, -2.1643584
2.1547816, 9.471462, -1.8962077
2.3750482, 9.528923, -1.7046716
2.1739352, 9.308656, -1.9153614
2.384625, 9.32781, -1.9440918
2.3942018, 9.452309, -1.8866309
2.0398598, 9.576807, -1.8962077
2.183512, 9.414001, -1.8770541
2.3750482, 9.509769, -1.8004397
2.1068976, 9.414001, -1.9153614
1.5610195, 9.11712, -2.2505496
1.1204864, 8.6574335, -2.7485435
1.6184803, 6.847417, -2.5378537
0.46926352, 5.5258174, -3.5817258
0.29688102, 5.5162406, -2.719813
0.63206923, 5.2289367, -2.2984335
0.37349546, 5.9759274, -1.3599066
-1.5993267, 4.4436383, -3.074155
0.81402856, 4.098873, -4.357447
0.22026655, 6.895301, -5.2385135
2.384625, 11.990162, -1.3790601
6.6079965, 13.685257, 4.7500963
17.688362, 18.885464, 2.2984335
3.8115692, 5.8226986, -13.024457
-7.97748, 6.4547677, -9.394848
0.20111294, 4.309563, -4.5872903
3.4284968, 12.038046, -2.4899697
5.813122, 12.210428, -2.6719291
2.4899697, 9.126697, -4.865018
-1.0055647, 8.944737, -4.453215
-1.1683705, 5.391742, -4.271256
-1.0247183, 0.80445176, 0.78529817
-1.13964, -3.064578, 5.142745
6.129156, -6.6846113, 11.281479
15.140931, -1.541866, 9.270349
9.126697, 1.2162545, 9.155427
6.895301, -0.9864111, 12.287044
9.873688, -5.315128, 19.057846
11.109096, -3.3135753, 11.166556
3.9264908, 1.3982137, 4.4436383
2.2505496, 2.6431987, 2.6527755
3.9839516, 2.528277, 5.659893
7.0006456, 2.4420857, 9.32781
8.925584, 2.183512, 8.781932
8.1881695, 2.2218192, 7.28795
5.554548, 1.4939818, 6.540959
5.6982, 2.0494366, 7.2687964
5.899313, 2.3463178, 7.374141
6.042965, 2.2409728, 7.28795
5.9280434, 1.9153614, 7.3071036
5.8322754, 1.8100165, 7.5561004
5.947197, 2.0207062, 7.5944076
6.0142345, 2.0207062, 7.383718
6.042965, 1.8387469, 7.297527
6.081272, 1.7621324, 7.345411
6.0716953, 1.7908629, 7.345411
6.081272, 1.8579005, 7.3166804
6.033388, 1.8387469, 7.335834
5.985504, 1.8579005, 7.422025
5.9759274, 1.8004397, 7.422025
5.9280434, 1.8195933, 7.4603324
5.889736, 1.8770541, 7.489063
5.8322754, 1.8866309, 7.441179
5.8322754, 1.8579005, 7.4986396
5.8226986, 1.8004397, 7.4986396
5.861006, 1.8770541, 7.4986396
5.813122, 1.8962077, 7.469909
5.861006, 1.8004397, 7.469909
5.8322754, 1.8195933, 7.4603324
5.8705826, 1.8004397, 7.422025
5.8801594, 1.8291701, 7.431602
5.899313, 1.8387469, 7.4603324
5.841852, 1.7717092, 7.469909
5.8322754, 1.7717092, 7.536947
5.841852, 1.7908629, 7.5082164
5.813122, 1.8195933, 7.536947
5.8226986, 1.8291701, 7.469909
5.8322754, 1.8195933, 7.4507556
5.841852, 1.7812861, 7.479486
5.8226986, 1.8100165, 7.536947
5.803545, 1.8770541, 7.479486
5.793968, 1.7717092, 7.5082164
5.793968, 1.7142484, 7.5561004
5.813122, 1.8004397, 7.5561004
5.803545, 1.8004397, 7.52737
5.793968, 1.7908629, 7.575254
5.793968, 1.7717092, 7.5082164
5.793968, 1.7525556, 7.5082164
5.803545, 1.7717092, 7.5082164
5.8226986, 1.7429788, 7.5561004
5.8322754, 1.7812861, 7.4507556
5.793968, 1.7717092, 7.52737
5.765238, 1.8004397, 7.4986396
5.813122, 1.8100165, 7.4986396
5.813122, 1.8100165, 7.469909
5.7843914, 1.7046716, 7.52737
5.861006, 1.6472107, 7.5561004
5.803545, 1.8195933, 7.5561004
5.7748146, 1.8674773, 7.5082164
5.793968, 1.9153614, 7.469909
5.765238, 1.8674773, 7.4507556
5.717354, 1.8004397, 7.4986396
5.8322754, 1.7525556, 7.517793
5.841852, 1.8004397, 7.5082164
5.8226986, 1.8291701, 7.52737
5.755661, 1.8291701, 7.5082164
5.7843914, 1.7908629, 7.536947
5.803545, 1.8770541, 7.4986396
5.793968, 1.8674773, 7.52737
5.7843914, 1.8291701, 7.517793
5.851429, 1.7525556, 7.489063
5.813122, 1.7812861, 7.52737
5.765238, 1.8770541, 7.517793
5.755661, 1.8195933, 7.517793
5.813122, 1.8866309, 7.489063
5.813122, 1.8770541, 7.489063
5.813122, 1.8674773, 7.489063
5.851429, 1.7621324, 7.5465236
5.813122, 1.8387469, 7.52737
5.813122, 1.8962077, 7.479486
5.8226986, 1.8866309, 7.441179
5.813122, 1.8674773, 7.489063
5.8322754, 1.8483237, 7.5082164
5.8322754, 1.8770541, 7.479486
5.813122, 1.9632454, 7.4986396
5.793968, 1.8674773, 7.4603324
5.7843914, 1.8579005, 7.5082164
5.8226986, 1.9153614, 7.479486
5.8322754, 1.8866309, 7.536947
5.813122, 1.8291701, 7.517793
5.841852, 1.8674773, 7.4603324
5.851429, 1.8770541, 7.4986396
5.8322754, 1.8483237, 7.52737
5.803545, 1.9249382, 7.441179
5.803545, 1.934515, 7.4507556
5.7748146, 1.8579005, 7.517793
5.7843914, 1.7525556, 7.575254
5.8322754, 1.8579005, 7.4986396
5.813122, 1.9057846, 7.489063
5.793968, 1.7812861, 7.4507556
5.7748146, 1.8291701, 7.517793
5.8226986, 1.8387469, 7.5561004
5.813122, 1.8579005, 7.536947
5.813122, 1.8100165, 7.52737
5.803545, 1.8387469, 7.4986396
5.746084, 1.7429788, 7.5082164
5.7843914, 1.8195933, 7.536947
5.7843914, 1.8195933, 7.52737
5.793968, 1.8100165, 7.5848308
5.7748146, 1.8100165, 7.5465236
5.7269306, 1.8004397, 7.489063
5.7748146, 1.7717092, 7.565677
5.7843914, 1.8866309, 7.479486
5.7365074, 1.7812861, 7.52737
5.7843914, 1.733402, 7.5561004
5.755661, 1.7908629, 7.575254
5.765238, 1.7908629, 7.52737
5.755661, 1.7717092, 7.4986396
5.755661, 1.8483237, 7.536947
5.7748146, 1.7908629, 7.536947
5.765238, 1.8004397, 7.536947
5.717354, 1.733402, 7.565677
5.803545, 1.7812861, 7.5465236
5.6982, 1.7429788, 7.603985
5.7269306, 1.7238252, 7.6135616
5.755661, 1.733402, 7.575254
5.765238, 1.7046716, 7.575254
5.765238, 1.7429788, 7.5561004
5.7365074, 1.7621324, 7.517793
5.7748146, 1.733402, 7.5944076
5.755661, 1.7142484, 7.632715
5.765238, 1.7238252, 7.5082164
5.7365074, 1.8004397, 7.52737
5.7365074, 1.8100165, 7.52737
5.7748146, 1.8100165, 7.52737
5.803545, 1.7525556, 7.603985
5.746084, 1.7908629, 7.5465236
5.7365074, 1.7717092, 7.5465236
