3.2082303, 9.308656, -0.076614454
3.1794999, 9.32781, 0.019153614
3.122039, 9.3661175, -0.076614454
3.122039, 9.337387, 0.009576807
3.1986535, 9.32781, -0.16280572
3.122039, 9.385271, -0.019153614
3.0454245, 9.299079, 0.4405331
3.016694, 9.337387, 0.047884032
3.1890767, 9.385271, -0.5746084
3.2369606, 9.32781, -0.12449849
3.2273839, 9.270349, 0.45010993
3.2273839, 9.404425, 0.019153614
3.2369606, 9.346964, -0.60333884
3.2273839, 9.308656, -0.20111294
3.2752678, 9.270349, 0.37349546
3.217807, 9.308656, -0.11492168
3.2848446, 9.3182335, -0.4213795
3.2273839, 9.375694, -0.06703765
3.1124623, 9.299079, 0.2777274
3.1986535, 9.270349, -0.019153614
3.2848446, 9.3661175, -0.047884032
3.2273839, 9.279925, 0.12449849
3.3423057, 9.289502, 0.076614454
3.5051112, 9.232041, 0.11492168
3.4476504, 9.136273, 0.009576807
3.620033, 9.260772, -0.076614454
3.5913026, 9.040505, -0.18195933
3.6487634, 9.5385, 0.2777274
3.217807, 9.500193, -0.10534488
2.6144683, 7.5944076, -1.5514427
2.3558946, 7.144298, 2.9879637
2.719813, 6.9144545, -0.78529817
-1.13964, 7.2687964, 4.0414124
3.8307228, 8.772355, 3.169923
1.5993267, 4.309563, 4.309563
1.6663644, 5.2385135, 4.5777135
0.05746084, 7.4507556, 4.4244847
0.21068975, 9.509769, 7.1730285
-0.92895025, 5.7365074, 8.322245
1.0726024, 4.3766007, 7.9870567
1.2449849, 2.9783869, 8.552089
3.3135753, 3.016694, 8.916007
7.7189064, 4.31914, 12.133814
12.133814, 4.9895163, 8.465898
9.050082, 1.3790601, 6.244078
5.1906295, 0.33518824, 5.439626
6.1866174, 0.7086837, 6.2249246
6.253655, 3.2944214, 6.981492
16.883911, -7.4603324, 17.659632
-5.391742, 0.94810385, 3.9935284
-2.9592333, -4.232949, 2.078167
7.6135616, -3.4284968, 1.1971009
17.458519, -1.6567876, 6.6654577
10.189722, -4.912902, 2.4899697
5.9663506, -0.5363012, 1.5705963
8.848969, 2.834735, -0.23942018
7.2209125, 2.0590134, 3.064578
13.426683, -1.7429788, 2.815581
7.517793, -8.532935, 2.1068976
7.431602, -8.839393, 3.572149
6.8091097, 1.8579005, -2.0207062
18.349161, 2.882619, 4.223372
6.5696893, -4.6830587, 1.7238252
6.885724, 3.3901896, 4.1371803
9.864111, 4.759673, 1.6663644
13.311762, -0.009576807, 4.663905
8.015787, 2.6431987, 1.7429788
6.847417, 3.86903, 2.2026656
9.279925, 2.087744, 3.3039982
10.04607, 2.2505496, 3.9264908
8.992621, 2.4708161, 2.681506
9.682152, 1.9728222, 2.6910827
8.992621, 1.8387469, 3.0933087
8.7053175, 1.8674773, 2.9017725
8.858546, 2.0207062, 2.930503
9.165004, 2.183512, 3.083732
9.433155, 2.0494366, 3.3135753
9.14585, 1.934515, 3.2082303
8.810662, 1.8291701, 3.1794999
8.868123, 1.7908629, 3.5051112
8.916007, 1.6950948, 3.5338416
8.848969, 1.7238252, 3.5817258
8.820239, 1.8770541, 3.6774938
8.868123, 1.7621324, 3.7349546
8.7532015, 1.6663644, 3.8498764
8.6095495, 1.733402, 3.8786068
8.7532015, 1.8004397, 3.9073372
8.762778, 1.7429788, 3.916914
8.724471, 1.7525556, 3.9839516
8.66701, 1.685518, 3.9073372
8.7532015, 1.685518, 3.9360676
8.8777, 1.7812861, 3.715801
8.810662, 1.7621324, 3.6870706
8.887277, 1.8195933, 3.6487634
8.8777, 1.7046716, 3.667917
8.8777, 1.7717092, 3.572149
8.8777, 1.7429788, 3.6296098
8.848969, 1.8100165, 3.620033
8.858546, 1.7812861, 3.6391866
8.848969, 1.7429788, 3.667917
8.801085, 1.7429788, 3.763685
8.858546, 1.733402, 3.7062242
8.820239, 1.733402, 3.6774938
8.829816, 1.7812861, 3.7253778
8.839393, 1.7238252, 3.6296098
8.820239, 1.7238252, 3.7253778
8.896853, 1.8100165, 3.7253778
8.868123, 1.6663644, 3.6296098
8.858546, 1.7238252, 3.6391866
8.868123, 1.7621324, 3.6583402
8.925584, 1.7142484, 3.6487634
8.868123, 1.7429788, 3.6391866
8.801085, 1.7908629, 3.5338416
8.887277, 1.7908629, 3.6487634
8.916007, 1.7429788, 3.667917
8.868123, 1.685518, 3.6487634
8.916007, 1.6759412, 3.5338416
8.896853, 1.733402, 3.5242648
8.935161, 1.7525556, 3.5529952
8.896853, 1.6950948, 3.4859576
8.868123, 1.7238252, 3.5338416
8.896853, 1.7429788, 3.6487634
9.030929, 1.6759412, 3.5242648
8.963891, 1.7046716, 3.514688
8.8777, 1.7717092, 3.5051112
8.848969, 1.8004397, 3.41892
8.896853, 1.8004397, 3.5625722
8.935161, 1.8195933, 3.4955344
9.059659, 1.8100165, 3.4572272
8.992621, 1.7429788, 3.4763808
8.839393, 1.6376339, 3.5529952
8.820239, 1.7142484, 3.6104562
8.944737, 1.7525556, 3.6104562
8.963891, 1.7621324, 3.6104562
8.983045, 1.6950948, 3.572149
8.762778, 1.7621324, 3.7445314
8.801085, 1.7812861, 3.6104562
8.954314, 1.6663644, 3.5913026
8.848969, 1.6663644, 3.6966474
8.781932, 1.6759412, 3.7349546
8.916007, 1.7525556, 3.6391866
8.848969, 1.685518, 3.6583402
8.791509, 1.7238252, 3.7062242
8.829816, 1.6376339, 3.7445314
8.848969, 1.6950948, 3.7924154
8.858546, 1.6567876, 3.763685
8.695741, 1.6759412, 3.715801
8.916007, 1.6472107, 3.7445314
8.954314, 1.7621324, 3.763685
8.829816, 1.7046716, 3.7253778
8.791509, 1.7429788, 3.7062242
8.868123, 1.7525556, 3.715801
8.887277, 1.6184803, 3.6966474
8.848969, 1.6567876, 3.7253778
8.820239, 1.7238252, 3.7828386
8.791509, 1.7525556, 3.7062242
8.896853, 1.685518, 3.6487634
8.90643, 1.7525556, 3.6296098
8.887277, 1.7238252, 3.6104562
8.896853, 1.7142484, 3.620033
8.896853, 1.7046716, 3.6583402
8.896853, 1.6759412, 3.667917
8.829816, 1.685518, 3.8019924
8.801085, 1.7525556, 3.715801
8.839393, 1.6759412, 3.6487634
8.858546, 1.7142484, 3.6870706
8.772355, 1.685518, 3.7062242
8.868123, 1.6567876, 3.7062242
8.820239, 1.6567876, 3.667917
8.868123, 1.7238252, 3.6966474
8.858546, 1.6759412, 3.7349546
8.801085, 1.7142484, 3.7445314
8.868123, 1.7525556, 3.6583402
8.916007, 1.685518, 3.6296098
8.887277, 1.6663644, 3.6008794
8.887277, 1.7142484, 3.5625722
8.944737, 1.7142484, 3.7349546
8.868123, 1.7046716, 3.6487634
8.820239, 1.6567876, 3.6487634
8.839393, 1.6376339, 3.6966474
8.829816, 1.7238252, 3.7349546
8.801085, 1.733402, 3.715801
8.90643, 1.6089035, 3.6966474
8.8777, 1.6663644, 3.7253778
8.829816, 1.7046716, 3.6487634
8.848969, 1.733402, 3.620033
8.916007, 1.7046716, 3.715801
8.858546, 1.685518, 3.6966474
8.801085, 1.5897499, 3.7062242
8.858546, 1.7238252, 3.6966474
8.887277, 1.7238252, 3.6583402
8.848969, 1.6184803, 3.6296098
8.887277, 1.733402, 3.7062242
8.916007, 1.6184803, 3.6391866
8.8777, 1.7238252, 3.6104562
8.858546, 1.7525556, 3.5817258
8.944737, 1.6567876, 3.6966474
8.829816, 1.6663644, 3.6774938
8.801085, 1.7046716, 3.7062242
8.772355, 1.7046716, 3.7541082
8.8777, 1.7046716, 3.6774938
8.887277, 1.685518, 3.715801
8.829816, 1.6759412, 3.715801
8.887277, 1.7142484, 3.6870706
8.887277, 1.6567876, 3.620033
8.858546, 1.7142484, 3.715801
8.839393, 1.6663644, 3.7541082
8.820239, 1.7238252, 3.821146
8.848969, 1.733402, 3.7253778
8.829816, 1.6184803, 3.6774938
8.868123, 1.685518, 3.6391866
8.896853, 1.7142484, 3.6774938
8.848969, 1.7525556, 3.620033
8.925584, 1.685518, 3.620033
8.887277, 1.6376339, 3.6966474
8.772355, 1.6567876, 3.763685
8.772355, 1.6663644, 3.7732618
8.887277, 1.7142484, 3.7062242
8.848969, 1.685518, 3.7349546
8.820239, 1.6759412, 3.7253778
