0.545878, -9.576807, -1.2066777
0.6607997, -9.557653, -1.388637
0.63206923, -9.576807, -1.1875241
0.545878, -9.615114, -1.1492168
0.49799395, -9.643845, -1.2354081
0.61291564, -9.605537, -1.3599066
0.5746084, -9.691729, -1.3215994
0.46926352, -9.662998, -1.0055647
0.545878, -9.634268, -1.0151415
0.61291564, -9.519346, -1.3982137
0.545878, -9.500193, -1.436521
0.50757074, -9.586384, -1.3982137
0.38307226, -9.605537, -1.3024458
0.41180268, -9.739613, -1.3599066
0.39264908, -9.557653, -1.4460979
0.4213795, -9.423578, -1.283292
0.4405331, -8.848969, -1.3503298
0.41180268, -8.8777, -1.7142484
0.49799395, -9.701305, -1.8387469
0.8714894, -10.381259, -1.3120226
0.93852705, -8.925584, -2.030283
-0.10534488, -8.973468, -2.7006595
-0.1340753, -9.021352, -2.384625
0.7086837, -8.619126, -1.283292
0.37349546, -7.2783732, -1.4077905
-0.50757074, -5.5737014, -1.733402
-0.50757074, -4.7884035, -2.231396
-0.61291564, -4.5681367, -2.5570073
-0.49799395, -6.2728086, -3.3327289
-0.06703765, -8.475474, -3.7062242
0.6991069, -9.32781, -5.21936
-1.9153614, -10.25676, -7.9008656
-2.0015526, -11.482592, -6.8665705
-0.8714894, -11.568783, -5.0278234
-1.3790601, -10.869676, -4.7979803
0.2681506, -9.212888, -3.0550013
3.169923, -8.312668, -0.842759
2.9879637, -6.7229185, 1.7046716
15.380352, -18.157625, 4.050989
-4.223372, -7.2687964, -8.293514
-0.93852705, -6.0238113, -6.157887
-1.6089035, -6.7133417, -5.5641246
-1.3120226, -5.7748146, -6.2345014
4.711789, -8.90643, -4.903325
1.3503298, -9.203311, -4.548983
-2.432509, -3.8019924, -3.466804
-1.13964, 1.6950948, 1.4556746
-1.2641385, 6.4260373, 6.5601125
2.0111294, 6.588843, 10.515334
10.955867, 2.0973208, 13.273455
12.440272, -1.2737153, 13.378799
6.6367273, 6.7324953, 16.941372
11.444284, 11.425131, 19.383457
6.742072, -0.49799395, 12.191275
-1.1300632, -6.1770406, -2.7868507
-2.3175871, -1.6567876, -1.4460979
0.49799395, -0.48841715, 13.493721
7.422025, -2.4516625, 17.286137
9.931149, -3.6104562, 8.762778
5.6215854, -1.7717092, 3.7541082
2.2984335, -1.7717092, 3.5913026
5.353435, -2.4133554, 10.611102
7.2783732, -1.9153614, 9.739613
7.038953, -0.90021986, 7.2783732
5.1906295, -0.05746084, 7.086837
5.48751, -0.81402856, 7.8146744
6.291962, -1.5227122, 7.6135616
5.8801594, -1.4077905, 7.8050976
5.48751, -1.2545617, 7.5848308
5.085284, -1.3503298, 7.690176
4.6255975, -1.6280571, 8.446744
4.5394063, -1.9153614, 8.561666
4.462792, -2.1164744, 8.322245
4.367024, -1.934515, 8.034941
4.4819455, -1.5131354, 8.073248
4.8267107, -1.4173675, 8.178593
4.9416323, -1.5801731, 8.178593
4.9224787, -1.6567876, 8.197746
4.9416323, -1.7525556, 8.082825
4.865018, -1.7429788, 7.9583263
4.9799395, -1.6184803, 7.929596
5.1235914, -1.4556746, 8.0924015
5.133168, -1.532289, 8.0924015
5.0278234, -1.532289, 8.0445175
4.9224787, -1.5993267, 8.082825
4.8841715, -1.6663644, 8.063671
4.8841715, -1.6376339, 8.1881695
4.8458643, -1.5610195, 8.178593
4.8745947, -1.6184803, 8.121132
4.8841715, -1.6280571, 8.0924015
4.855441, -1.6089035, 8.159439
4.8458643, -1.6759412, 8.159439
4.8458643, -1.5897499, 8.073248
4.8937483, -1.541866, 8.130709
4.903325, -1.6280571, 8.073248
4.951209, -1.6759412, 8.00621
4.9703627, -1.6089035, 8.025364
4.951209, -1.5131354, 8.101978
4.951209, -1.5035586, 8.2169
4.8458643, -1.6089035, 8.121132
4.865018, -1.6089035, 8.073248
4.8841715, -1.6376339, 8.149862
4.8362875, -1.5993267, 8.149862
4.8937483, -1.5897499, 8.149862
4.903325, -1.5610195, 8.063671
4.9320555, -1.6089035, 8.073248
4.9416323, -1.5801731, 8.130709
4.903325, -1.5897499, 8.130709
4.912902, -1.5993267, 8.0924015
4.8458643, -1.5610195, 8.121132
4.8458643, -1.6759412, 8.101978
4.817134, -1.7621324, 8.130709
4.8362875, -1.6472107, 8.207323
4.8267107, -1.5897499, 8.169016
4.865018, -1.6089035, 8.169016
4.8745947, -1.6759412, 8.0445175
4.8458643, -1.6567876, 8.082825
4.8841715, -1.7142484, 8.121132
4.8937483, -1.6663644, 8.149862
4.9224787, -1.6950948, 8.082825
4.9224787, -1.6280571, 8.1402855
4.9320555, -1.5897499, 8.121132
4.8937483, -1.6759412, 8.121132
4.865018, -1.6759412, 8.054094
4.903325, -1.6567876, 8.054094
4.9224787, -1.6472107, 8.073248
4.855441, -1.6759412, 8.063671
4.8458643, -1.7046716, 8.082825
4.8362875, -1.733402, 8.130709
4.817134, -1.6184803, 8.169016
4.865018, -1.6472107, 8.1402855
5.0374002, -1.6184803, 8.1402855
4.9703627, -1.5897499, 8.082825
4.951209, -1.484405, 7.9966335
4.9703627, -1.5801731, 8.063671
5.00867, -1.5993267, 8.063671
4.960786, -1.5705963, 8.149862
4.999093, -1.4173675, 8.054094
4.8937483, -1.4173675, 8.101978
4.9320555, -1.5035586, 8.149862
4.9703627, -1.4269443, 8.054094
4.960786, -1.484405, 8.054094
4.9895163, -1.4652514, 7.9870567
5.0374002, -1.4556746, 8.0445175
5.0374002, -1.4460979, 8.063671
5.0757074, -1.388637, 8.063671
5.056554, -1.4173675, 8.025364
5.0182467, -1.4652514, 8.111555
4.951209, -1.4460979, 8.111555
4.9416323, -1.4173675, 8.111555
4.9320555, -1.4460979, 8.159439
4.912902, -1.4460979, 8.101978
4.9416323, -1.4652514, 8.0924015
4.9224787, -1.4077905, 8.121132
4.9320555, -1.4077905, 8.0924015
4.9224787, -1.4077905, 8.101978
4.960786, -1.4939818, 8.0924015
4.951209, -1.4269443, 8.121132
4.8937483, -1.388637, 8.197746
4.9320555, -1.4077905, 8.0924015
4.9224787, -1.4652514, 8.101978
4.9320555, -1.4460979, 8.073248
4.912902, -1.3120226, 8.169016
4.903325, -1.3215994, 8.149862
4.9224787, -1.388637, 8.0924015
4.9703627, -1.3982137, 8.073248
4.9416323, -1.388637, 8.130709
4.9320555, -1.388637, 8.130709
4.9320555, -1.4173675, 8.121132
4.9416323, -1.3982137, 8.101978
4.960786, -1.292869, 8.1402855
4.9895163, -1.3694834, 8.111555
4.960786, -1.4269443, 8.063671
4.9320555, -1.4652514, 8.169016
4.951209, -1.3694834, 8.111555
4.9224787, -1.3694834, 8.149862
4.8937483, -1.4460979, 8.149862
4.8841715, -1.5131354, 8.111555
4.9416323, -1.484405, 8.101978
4.9320555, -1.3311762, 8.159439
4.951209, -1.3694834, 8.0924015
4.903325, -1.4269443, 8.130709
4.912902, -1.5131354, 8.121132
4.9224787, -1.532289, 8.130709
4.8937483, -1.484405, 8.2169
4.9320555, -1.4652514, 8.169016
4.9895163, -1.436521, 8.121132
4.9799395, -1.4556746, 8.054094
4.960786, -1.5227122, 8.054094
4.9320555, -1.4939818, 8.063671
4.9416323, -1.4460979, 8.101978
4.912902, -1.4652514, 8.149862
4.9320555, -1.5035586, 8.015787
4.9416323, -1.5705963, 8.101978
4.9416323, -1.5035586, 8.082825
4.9224787, -1.3982137, 8.111555
4.903325, -1.4173675, 8.101978
4.951209, -1.5610195, 8.082825
4.9320555, -1.5514427, 8.130709
4.9416323, -1.5227122, 8.111555
4.9224787, -1.4460979, 8.111555
4.912902, -1.4748282, 8.101978
4.9416323, -1.532289, 8.082825
4.9320555, -1.4556746, 8.0924015
4.9416323, -1.4652514, 8.111555
4.9224787, -1.4173675, 8.0924015
4.960786, -1.4460979, 8.101978
4.9224787, -1.4556746, 8.130709
4.912902, -1.3982137, 8.073248
4.912902, -1.4939818, 8.073248
4.9224787, -1.541866, 8.111555
4.9224787, -1.3503298, 8.149862
4.9320555, -1.4077905, 8.197746
4.951209, -1.436521, 8.121132
4.8937483, -1.4556746, 8.101978
4.903325, -1.4460979, 8.121132
4.951209, -1.4460979, 8.111555
