-0.8619126, 9.864111, 0.35434186
-0.78529817, 9.873688, 0.37349546
-0.90979666, 9.864111, 0.49799395
-1.0630256, 9.816227, 0.4405331
-1.091756, 9.797073, 0.49799395
-1.0342951, 9.797073, 0.5650316
-0.9768343, 9.883265, 0.4213795
-0.92895025, 9.854534, 0.4405331
-0.7661445, 9.844957, 0.4405331
-0.9672575, 9.749189, 0.4405331
-1.0342951, 9.835381, 0.58418524
-0.9864111, 9.816227, 0.7278373
-1.0055647, 9.787497, 0.7565677
-1.0151415, 9.80665, 0.7278373
-0.9672575, 9.825804, 0.6799533
-0.9959879, 9.816227, 0.6991069
-0.9864111, 9.787497, 0.6991069
-1.0055647, 9.854534, 0.7757214
-0.9768343, 9.825804, 0.7661445
-0.91937345, 9.864111, 0.47884035
-0.7757214, 9.844957, 0.46926352
-0.81402856, 9.864111, 0.46926352
-0.78529817, 9.931149, 0.2681506
-0.6991069, 9.931149, 0.17238252
-0.6895301, 10.180145, 0.019153614
-0.7565677, 10.007763, -0.36391866
-0.5267244, 9.643845, -0.23942018
-0.93852705, 9.902418, -0.038307227
-0.5650316, 9.299079, 0.6512229
-1.0821792, 10.04607, 0.94810385
-0.46926352, 8.7532015, 0.18195933
-0.81402856, 9.643845, 1.7908629
-1.532289, 7.728483, 2.6144683
-1.6472107, 7.393295, 3.7828386
-1.934515, 7.536947, 4.1276035
-0.5746084, 5.583278, 4.0797195
-1.0534488, 8.341399, 4.817134
-0.30645782, 7.086837, 3.3039982
-0.4309563, 8.37013, 6.0046577
-0.36391866, 7.1155677, 4.5777135
-0.61291564, 8.2169, 5.5162406
-0.641646, 5.353435, 6.2823853
-1.0821792, 6.301539, 6.167464
-1.0534488, 5.0182467, 6.8665705
-1.9536686, 6.8665705, 5.6120086
-0.9864111, 5.746084, 6.7229185
-0.5363012, 4.3957543, 6.0716953
-0.15322891, 3.3135753, 6.215348
-1.4939818, 2.087744, 5.9280434
0.10534488, 0.7374141, 4.213795
-2.9400797, -4.663905, 10.160992
-14.81532, -14.250289, 3.8977604
-1.8579005, 5.755661, 5.851429
-2.566584, 2.0207062, 3.41892
-3.763685, 0.38307226, 8.504205
-2.2601264, -10.658986, 8.283937
-1.2737153, -9.452309, 8.619126
-6.291962, -7.3166804, 6.655881
-4.9895163, -5.4683566, 6.6271505
-3.7828386, -7.9966335, 4.8362875
-3.1986535, -8.293514, 5.7748146
-2.7868507, -1.3120226, 4.1659107
-1.6663644, -6.291962, 7.920019
-3.5051112, -7.920019, 6.6079965
-3.074155, -6.579266, 5.8226986
-2.183512, -6.033388, 5.995081
-2.27928, -5.5641246, 7.0006456
-2.3175871, -6.042965, 6.531382
-2.7006595, -6.7708025, 6.4260373
-2.2505496, -5.3438582, 6.991069
-2.834735, -5.0278234, 6.9048777
-7.0964136, 2.0015526, 6.933608
-5.2289367, 14.346057, 18.368315
-2.4995465, -2.5378537, 3.2082303
-2.9783869, -1.2545617, 6.445191
-2.920926, 0.6799533, 8.39886
-1.3503298, -0.94810385, 8.561666
-3.8402996, -0.019153614, 8.494628
-5.93762, 0.51714754, 12.650962
-5.401319, 1.0151415, 10.266336
-2.4229321, -1.6280571, 6.7612257
-3.4955344, -1.9249382, 8.015787
-3.620033, -0.4213795, 9.021352
-3.3901896, 0.48841715, 9.500193
-2.681506, 1.1971009, 9.643845
-2.4708161, 0.5746084, 9.021352
-2.566584, 0.19153613, 8.39886
-2.7102363, 0.38307226, 8.772355
-2.9113493, 0.5746084, 9.251195
-3.0262709, 0.6607997, 9.519346
-3.3135753, 0.34476504, 9.088389
-3.514688, 0.10534488, 8.868123
-3.6583402, 0.29688102, 8.925584
-3.572149, 0.45968673, 9.251195
-3.3614593, 0.41180268, 9.155427
-3.074155, 0.40222588, 8.963891
-3.0071173, 0.35434186, 8.916007
-3.0262709, 0.37349546, 8.925584
-2.9592333, 0.51714754, 9.050082
-2.9400797, 0.49799395, 9.040505
-3.0071173, 0.40222588, 9.002198
-3.074155, 0.40222588, 8.90643
-3.2465374, 0.38307226, 9.069236
-3.3997664, 0.39264908, 9.126697
-3.5051112, 0.38307226, 9.030929
-3.4763808, 0.2873042, 9.011775
-3.3135753, 0.38307226, 9.002198
-3.2082303, 0.41180268, 9.002198
-3.074155, 0.4309563, 8.925584
-3.074155, 0.38307226, 9.002198
-3.0933087, 0.4309563, 8.963891
-3.1411927, 0.4213795, 8.983045
-3.265691, 0.4405331, 9.040505
-3.265691, 0.39264908, 9.030929
-3.2944214, 0.4309563, 9.040505
-3.2944214, 0.4405331, 9.021352
-3.2082303, 0.4213795, 8.992621
-3.1890767, 0.47884035, 9.030929
-3.1507695, 0.33518824, 9.011775
-3.1507695, 0.36391866, 8.963891
-3.1507695, 0.4405331, 9.021352
-3.1986535, 0.47884035, 8.973468
-3.169923, 0.39264908, 8.992621
-3.2465374, 0.39264908, 9.021352
-3.2273839, 0.39264908, 9.011775
-3.2273839, 0.41180268, 9.002198
-3.1986535, 0.41180268, 9.11712
-3.2082303, 0.37349546, 9.030929
-3.1890767, 0.37349546, 8.983045
-3.122039, 0.36391866, 8.992621
-3.1411927, 0.40222588, 9.050082
-3.1794999, 0.37349546, 9.040505
-3.2369606, 0.38307226, 9.011775
-3.2561142, 0.51714754, 9.078813
-3.2369606, 0.4309563, 9.059659
-3.169923, 0.2777274, 9.011775
-3.1411927, 0.2681506, 8.954314
-3.1316159, 0.38307226, 8.992621
-3.1316159, 0.45968673, 9.050082
-3.122039, 0.4405331, 9.002198
-3.1603463, 0.33518824, 9.011775
-3.217807, 0.34476504, 9.002198
-3.1890767, 0.37349546, 9.059659
-3.169923, 0.4309563, 9.002198
-3.122039, 0.40222588, 8.983045
-3.1794999, 0.40222588, 9.040505
-3.169923, 0.36391866, 9.040505
-3.122039, 0.39264908, 8.992621
-3.1890767, 0.45968673, 9.078813
-3.1411927, 0.38307226, 9.021352
-3.2465374, 0.35434186, 9.126697
-3.217807, 0.32561144, 9.030929
-3.169923, 0.29688102, 8.992621
-3.1890767, 0.5363012, 9.059659
-3.0933087, 0.38307226, 9.050082
-3.1316159, 0.48841715, 9.040505
-3.169923, 0.34476504, 9.011775
-3.2752678, 0.22984336, 9.011775
-3.4093432, 0.23942018, 9.136273
-3.122039, 0.50757074, 8.983045
-3.2273839, 0.45968673, 9.040505
-3.3423057, 0.16280572, 9.040505
-3.2752678, 0.31603462, 9.002198
-3.1411927, 0.30645782, 9.030929
-2.930503, 0.49799395, 8.954314
-2.7964275, 0.36391866, 9.021352
-2.96881, 0.46926352, 8.916007
-3.0071173, 0.49799395, 8.992621
-3.217807, 0.45010993, 9.030929
-3.3135753, 0.63206923, 9.069236
-3.4380736, 0.31603462, 9.069236
-3.3806129, 0.08619126, 9.011775
-3.5051112, 0.17238252, 9.078813
-3.3518825, 0.25857377, 8.963891
-3.1890767, 0.35434186, 8.963891
-3.169923, 0.5554548, 9.002198
-3.3901896, 0.47884035, 8.963891
-3.3423057, 0.35434186, 9.011775
-3.323152, 0.38307226, 8.983045
-3.1124623, 0.38307226, 8.916007
-3.1603463, 0.34476504, 8.973468
-3.1603463, 0.20111294, 8.973468
-3.0550013, 0.20111294, 9.040505
-3.2944214, 0.61291564, 8.992621
-3.4476504, 0.49799395, 9.107543
-3.3135753, 0.047884032, 8.983045
-3.3327289, 0.019153614, 9.021352
-3.371036, 0.25857377, 9.050082
-3.3997664, 0.1436521, 8.90643
-3.2848446, 0.18195933, 8.963891
-3.169923, 0.38307226, 8.944737
-3.2082303, 0.33518824, 9.021352
-3.3039982, 0.35434186, 8.973468
-3.2561142, 0.17238252, 8.983045
-3.3518825, -0.095768064, 9.030929
-3.323152, 0.10534488, 8.963891
-3.3614593, 0.37349546, 9.021352
-3.3997664, 0.2681506, 9.050082
-3.122039, 0.17238252, 9.011775
-3.1124623, 0.095768064, 8.887277
-3.1794999, 0.1340753, 9.002198
-3.2561142, 0.17238252, 8.935161
-3.2848446, 0.1340753, 8.973468
-3.3327289, 0.1436521, 8.963891
-3.3806129, 0.31603462, 8.963891
-3.3039982, 0.25857377, 9.126697
-3.217807, 0.10534488, 8.973468
-3.2369606, 0.10534488, 8.983045
-3.2465374, 0.22026655, 8.992621
-3.3135753, 0.25857377, 9.021352
-3.371036, 0.23942018, 9.011775
-3.3039982, 0.11492168, 9.002198
-3.2848446, 0.12449849, 8.925584
-3.169923, 0.12449849, 8.858546
-3.2944214, 0.12449849, 9.030929
-3.3806129, 0.59376204, 9.174581
-3.2848446, 0.17238252, 8.973468
-3.3135753, 0.4213795, 8.973468
-3.169923, 0.23942018, 8.925584
-3.1316159, 0.40222588, 9.021352
-3.0454245, 0.2873042, 9.088389
-3.0358477, 0.641646, 8.801085
-3.1890767, 0.5363012, 9.107543
-3.3327289, 0.24899697, 9.059659
-3.2561142, 0.24899697, 9.078813
-3.2752678, 0.30645782, 9.021352
