0.5746084, 9.883265, 0.39264908
0.47884035, 9.854534, 0.45010993
0.63206923, 10.01734, 0.842759
0.93852705, 9.835381, 0.9672575
0.94810385, 9.825804, 0.7565677
1.4652514, 9.768343, 1.4939818
1.7621324, 10.0748005, 1.6759412
1.8100165, 10.563218, 1.9632454
1.7046716, 9.825804, 1.6759412
1.292869, 9.835381, 1.3311762
1.1683705, 9.481039, 0.90979666
0.58418524, 8.954314, 0.842759
0.545878, 9.32781, 1.0630256
0.4405331, 9.251195, 1.13964
0.641646, 8.714894, 1.3503298
1.1492168, 8.676587, 1.6759412
2.183512, 9.002198, 1.6950948
2.3463178, 7.7572136, 2.0015526
2.0494366, 8.034941, 1.8962077
1.8100165, 8.1402855, 2.4516625
1.3311762, 8.197746, 0.8619126
-0.7086837, 6.5122285, -1.7429788
-4.0797195, 3.9839516, -3.3135753
-2.2697031, -0.93852705, -0.23942018
3.9743748, -17.314867, 14.978126
11.683704, -7.3071036, 6.8282633
6.2632318, 5.2959743, 7.9391727
16.864758, 17.219099, 18.339584
15.08347, -16.280571, -0.31603462
-7.0485296, -12.440272, -6.8186865
1.6472107, 7.7572136, 8.791509
11.769896, 4.606444, 11.674128
7.3166804, -10.113108, 7.881712
5.5162406, -3.6583402, 5.2863975
9.691729, 6.1866174, 9.892841
4.0414124, 3.2082303, 7.680599
3.4380736, -0.38307226, 7.1251445
6.7803793, 1.4748282, 7.795521
7.086837, 1.7429788, 7.795521
6.5122285, 0.35434186, 6.4164605
7.201759, 0.8523358, 6.1387334
7.1251445, 0.49799395, 6.933608
6.742072, 2.7102363, 7.517793
4.9320555, 2.681506, 7.1826053
6.2249246, -0.4309563, 6.9623384
6.445191, 1.283292, 7.690176
6.991069, 0.80445176, 6.6079965
6.2345014, 0.8714894, 7.3071036
6.1195793, 0.94810385, 7.422025
6.5218053, 1.2354081, 7.469909
6.1100025, 0.80445176, 7.326257
6.483498, 1.292869, 6.981492
6.799533, 1.1492168, 7.240066
6.445191, 0.8619126, 6.943185
6.5026517, 1.0821792, 7.1059904
6.5218053, 1.0630256, 7.0964136
6.4068837, 1.1204864, 7.086837
6.4164605, 1.0630256, 7.1826053
6.397307, 1.0726024, 7.07726
6.349423, 1.1204864, 7.2304893
6.3685765, 1.0726024, 7.2113357
6.397307, 1.0151415, 7.153875
6.4739213, 1.1204864, 7.1059904
6.493075, 1.0342951, 7.1155677
6.4739213, 1.043872, 7.201759
6.4164605, 1.1013328, 7.153875
6.4068837, 1.0534488, 7.1251445
6.3589997, 1.0630256, 7.0964136
6.4068837, 1.091756, 7.1155677
6.3781533, 1.1109096, 7.0964136
6.349423, 1.1204864, 7.1826053
6.4260373, 1.0247183, 7.201759
6.4739213, 0.9768343, 7.1730285
6.397307, 1.0726024, 7.0964136
6.3111157, 1.0726024, 7.1730285
6.3781533, 1.1492168, 7.2113357
6.435614, 1.1013328, 7.153875
6.4068837, 0.94810385, 7.1251445
6.435614, 1.0055647, 7.153875
6.3685765, 0.9959879, 7.1634517
6.4068837, 1.043872, 7.2113357
6.4260373, 1.0247183, 7.1730285
6.3781533, 1.0630256, 7.153875
6.4068837, 1.0247183, 7.2113357
6.3781533, 1.0055647, 7.1826053
6.397307, 1.043872, 7.240066
6.4547677, 0.9768343, 7.2687964
6.5601125, 0.91937345, 7.4028716
6.5122285, 1.3120226, 7.0964136
6.3685765, 1.1587936, 7.0581064
6.4260373, 1.2258313, 6.8761473
6.301539, 1.2162545, 7.2113357
6.167464, 0.9864111, 7.4986396
5.9567738, 1.0726024, 7.5465236
5.93762, 1.043872, 7.345411
6.253655, 1.1204864, 7.3549876
6.3589997, 1.1013328, 7.2209125
6.253655, 1.1204864, 7.1059904
6.4547677, 1.2737153, 7.3645644
6.397307, 1.2258313, 7.28795
6.2632318, 1.0151415, 7.1730285
6.253655, 1.0726024, 7.240066
6.1770406, 1.2354081, 7.326257
6.1770406, 1.1683705, 7.326257
6.244078, 1.1109096, 7.2113357
6.349423, 1.1683705, 7.2592196
6.301539, 1.1300632, 7.2304893
6.2728086, 1.2066777, 7.2304893
6.3589997, 1.1300632, 7.240066
6.3206925, 1.091756, 7.2209125
6.253655, 1.1013328, 7.144298
6.2345014, 1.1875241, 7.28795
6.339846, 1.1587936, 7.297527
6.3111157, 1.1013328, 7.201759
6.291962, 1.0726024, 7.2113357
6.244078, 1.1492168, 7.28795
6.2249246, 1.1971009, 7.249643
6.301539, 1.1204864, 7.2592196
6.3589997, 1.1587936, 7.335834
6.1770406, 1.1013328, 7.2209125
6.14831, 1.0630256, 7.2592196
6.3781533, 1.2066777, 7.3071036
6.349423, 1.0821792, 7.2113357
6.3111157, 1.0534488, 7.1730285
6.4643445, 1.13964, 7.0964136
6.4068837, 1.2449849, 7.192182
6.3589997, 1.0342951, 7.2113357
6.3206925, 1.1109096, 7.249643
6.215348, 1.1013328, 7.2592196
6.205771, 1.1492168, 7.3645644
6.196194, 1.043872, 7.3166804
6.2632318, 1.0726024, 7.2113357
6.3206925, 1.0630256, 7.28795
6.301539, 1.13964, 7.326257
6.339846, 1.0821792, 7.249643
6.291962, 1.0247183, 7.2209125
6.3302693, 1.1300632, 7.240066
6.291962, 1.1109096, 7.297527
6.3111157, 1.0726024, 7.2783732
6.2632318, 1.1204864, 7.249643
6.253655, 1.1109096, 7.249643
6.253655, 1.1204864, 7.2783732
6.3302693, 1.1587936, 7.2113357
6.301539, 1.1683705, 7.240066
6.3206925, 1.1300632, 7.192182
6.301539, 1.1013328, 7.2209125
6.301539, 1.1779473, 7.2304893
6.253655, 1.13964, 7.2592196
6.2823853, 1.1683705, 7.240066
6.3206925, 1.091756, 7.3549876
6.2823853, 1.1300632, 7.2304893
6.2632318, 1.0726024, 7.2209125
6.291962, 1.13964, 7.2783732
6.2823853, 1.1875241, 7.297527
6.2345014, 1.1492168, 7.2304893
6.2728086, 1.0630256, 7.2304893
6.3589997, 1.1683705, 7.2304893
6.2728086, 1.2066777, 7.2209125
6.291962, 1.13964, 7.2209125
6.3781533, 1.1492168, 7.2783732
6.3111157, 1.1300632, 7.2304893
6.301539, 1.0247183, 7.2592196
6.244078, 1.0630256, 7.201759
6.167464, 1.1300632, 7.3071036
6.157887, 1.1013328, 7.297527
6.2823853, 1.0630256, 7.335834
6.3685765, 1.0630256, 7.1730285
6.253655, 1.13964, 7.153875
6.2823853, 1.1971009, 7.2113357
6.4164605, 1.1013328, 7.297527
6.3111157, 1.1013328, 7.2304893
6.2345014, 1.1109096, 7.3166804
6.244078, 1.1875241, 7.201759
6.3206925, 1.1971009, 7.144298
6.2823853, 1.091756, 7.28795
6.3111157, 0.8810662, 7.297527
6.3206925, 0.90021986, 7.192182
6.291962, 0.94810385, 7.2113357
6.3589997, 0.8810662, 7.3071036
6.2823853, 0.9959879, 7.1826053
6.253655, 0.9864111, 7.2304893
6.253655, 1.043872, 7.2687964
6.2632318, 1.0055647, 7.2687964
6.3781533, 0.9672575, 7.2592196
6.3302693, 0.9864111, 7.201759
6.3206925, 1.0821792, 7.240066
6.2823853, 1.043872, 7.3071036
6.205771, 1.0151415, 7.3166804
6.4643445, 1.0151415, 7.2113357
6.6175733, 1.1971009, 7.0964136
6.4643445, 0.9672575, 7.029376
6.3111157, 1.1013328, 7.1347213
6.205771, 1.3024458, 7.3645644
6.2249246, 1.1204864, 7.2209125
6.291962, 1.0247183, 7.249643
