0.17238252, 9.749189, 0.9672575
0.1436521, 9.825804, 1.1013328
0.8810662, 9.873688, 1.532289
0.93852705, 9.768343, 1.5897499
1.1492168, 9.902418, 1.982399
1.5227122, 9.634268, 2.1164744
1.4269443, 9.595961, 2.2026656
1.8387469, 10.199299, 2.6623523
1.982399, 10.342952, 2.6527755
1.8674773, 10.840945, 2.3750482
1.0055647, 9.165004, 1.4748282
0.81402856, 8.992621, 1.2545617
0.93852705, 8.781932, 0.78529817
0.25857377, 9.299079, 0.7086837
0.39264908, 10.055647, 1.3215994
1.1300632, 8.743625, 0.91937345
1.4173675, 8.935161, 1.2258313
1.7238252, 9.308656, 1.9728222
1.982399, 8.7532015, 1.5801731
1.340753, 7.249643, 1.2066777
1.388637, 6.742072, 0.5746084
-0.90021986, 6.435614, -2.4420857
-4.6255975, 2.882619, -3.3039982
1.4269443, -10.01734, 3.9552212
6.7708025, -17.286137, 10.199299
9.701305, -3.1794999, 9.452309
7.28795, 9.797073, 6.0142345
11.760319, 14.106636, 15.820885
19.057846, -3.122039, 7.881712
-0.6703765, -17.956512, -15.47612
-9.059659, -3.9839516, 7.7093296
9.615114, 12.823344, 10.601525
5.985504, -8.820239, 5.6407394
5.6982, -8.178593, 3.0550013
11.712435, 0.10534488, 12.0093155
9.346964, 7.6231384, 7.2687964
5.2002063, 4.367024, 5.5162406
5.6215854, 0.45968673, 6.157887
7.6135616, -0.4213795, 7.2592196
6.8186865, -0.46926352, 6.981492
5.592855, -0.41180268, 6.7229185
5.7365074, -0.038307227, 6.885724
6.339846, 0.05746084, 8.1881695
6.0142345, -0.11492168, 7.4124484
6.694188, -0.8714894, 7.28795
7.0006456, -0.16280572, 5.257667
6.244078, 3.9360676, 8.063671
4.663905, 3.9360676, 10.371682
5.544971, 1.1013328, 5.1523223
6.799533, -1.4939818, 4.8745947
9.988609, 0.7374141, 7.642292
7.7093296, 1.0534488, 6.6367273
5.305551, 0.89064306, 8.063671
5.899313, 0.6895301, 6.885724
7.422025, 0.7661445, 6.8761473
6.8186865, 1.0821792, 6.7229185
6.4164605, 1.0726024, 7.038953
5.9567738, 0.80445176, 7.52737
5.90889, 0.842759, 7.4507556
6.3206925, 0.81402856, 7.201759
6.5122285, 0.7469909, 7.1155677
6.579266, 0.9576807, 6.9623384
6.8569937, 0.81402856, 7.1634517
6.6079965, 0.59376204, 7.1251445
6.4260373, 1.1875241, 6.8186865
6.5122285, 1.5801731, 6.943185
6.694188, 0.9959879, 6.9623384
6.6271505, 0.78529817, 6.895301
6.7324953, 0.8331822, 7.0964136
6.655881, 0.6703765, 7.1251445
6.4739213, 0.80445176, 7.0485296
6.3781533, 0.94810385, 7.1251445
6.3781533, 0.9959879, 7.2113357
6.4068837, 0.93852705, 7.1347213
6.540959, 0.8810662, 7.0485296
6.646304, 0.81402856, 7.038953
6.6750345, 0.90979666, 6.991069
6.646304, 0.93852705, 7.029376
6.531382, 0.8714894, 6.9527617
6.5122285, 0.8714894, 7.067683
6.5505357, 0.8619126, 7.1059904
6.483498, 0.90979666, 7.1155677
6.5122285, 0.8331822, 7.086837
6.588843, 0.8619126, 7.0581064
6.6079965, 0.90979666, 7.0581064
6.5601125, 0.9864111, 7.0581064
6.531382, 0.90021986, 7.038953
6.5218053, 0.8523358, 7.038953
6.5696893, 0.93852705, 7.0581064
6.531382, 0.90979666, 7.038953
6.5218053, 0.93852705, 7.029376
6.5026517, 0.94810385, 7.0581064
6.5505357, 0.89064306, 7.019799
6.6846113, 0.9864111, 7.086837
6.5122285, 0.81402856, 6.991069
6.445191, 0.93852705, 7.0485296
6.6079965, 1.043872, 7.1155677
6.579266, 0.91937345, 7.0581064
6.579266, 0.7757214, 7.0485296
6.540959, 0.82360536, 7.1251445
6.4068837, 1.1300632, 6.933608
6.5601125, 1.1204864, 7.0964136
6.703765, 0.7469909, 7.0964136
6.4739213, 0.9672575, 6.943185
6.6271505, 1.0821792, 7.1347213
6.694188, 0.91937345, 7.07726
6.397307, 0.7278373, 7.0102224
6.349423, 1.1492168, 6.8761473
6.588843, 1.2545617, 7.2209125
6.5505357, 0.8810662, 6.9527617
6.6079965, 0.7661445, 7.067683
6.7133417, 0.7182605, 7.153875
6.531382, 0.91937345, 7.1059904
6.397307, 1.1109096, 7.1059904
6.397307, 1.1492168, 7.067683
6.579266, 1.2449849, 7.07726
6.5984197, 1.2449849, 6.933608
6.339846, 1.0342951, 6.847417
6.7708025, 1.1971009, 6.9623384
6.991069, 1.1109096, 7.067683
6.6079965, 0.90979666, 6.847417
6.4643445, 0.8714894, 7.038953
6.5984197, 1.091756, 7.201759
6.2632318, 1.0726024, 7.019799
6.3206925, 1.091756, 7.1059904
6.483498, 1.1300632, 7.1251445
6.5122285, 0.92895025, 7.0581064
6.7612257, 1.043872, 7.0485296
6.6079965, 1.043872, 6.943185
6.588843, 1.1109096, 7.0006456
6.5696893, 1.13964, 7.0102224
6.5601125, 1.0630256, 7.019799
6.6750345, 1.0342951, 6.9623384
6.6367273, 1.0534488, 7.029376
6.5696893, 1.043872, 7.0964136
6.5122285, 1.0342951, 7.019799
6.493075, 1.1492168, 7.1155677
6.5026517, 1.13964, 7.0581064
6.6079965, 1.1875241, 7.0006456
6.703765, 1.0630256, 6.991069
6.5984197, 1.1109096, 6.9144545
6.6367273, 1.091756, 6.991069
6.6271505, 1.1109096, 7.0102224
6.5601125, 1.0630256, 7.0006456
6.540959, 1.1204864, 7.019799
6.5601125, 1.1587936, 6.991069
6.588843, 1.1013328, 6.991069
6.6271505, 1.0630256, 6.991069
6.5984197, 1.0534488, 7.0102224
6.5696893, 1.043872, 7.019799
6.579266, 1.0821792, 7.0102224
6.5984197, 1.1013328, 7.0485296
6.588843, 1.0630256, 7.019799
6.5218053, 1.0151415, 7.019799
6.6271505, 1.0151415, 7.029376
6.5505357, 1.0630256, 7.0006456
6.5122285, 1.043872, 7.0581064
6.540959, 1.0534488, 7.1347213
6.531382, 0.9768343, 7.07726
6.5505357, 0.9959879, 7.067683
6.5026517, 1.0055647, 7.1347213
6.4643445, 1.043872, 7.1155677
6.493075, 0.9864111, 7.067683
6.5505357, 0.9768343, 7.038953
6.493075, 0.9768343, 7.038953
6.5505357, 0.94810385, 7.153875
6.588843, 0.9768343, 7.0102224
6.540959, 0.9672575, 7.0581064
6.5122285, 0.94810385, 7.07726
6.540959, 0.9768343, 7.0964136
6.5218053, 0.9576807, 7.07726
6.5505357, 0.92895025, 7.0964136
6.531382, 0.92895025, 7.0964136
6.445191, 0.89064306, 7.0485296
6.5122285, 1.0055647, 7.07726
6.5122285, 1.1013328, 7.0964136
6.5601125, 0.9864111, 7.086837
6.6654577, 0.94810385, 7.038953
6.540959, 0.9864111, 6.9623384
6.5122285, 1.1013328, 7.086837
6.493075, 1.0534488, 7.1155677
6.493075, 0.9864111, 7.0485296
6.5505357, 0.92895025, 7.1059904
6.5696893, 1.1300632, 7.086837
6.5601125, 1.0151415, 7.0102224
6.5218053, 1.0151415, 7.019799
6.5218053, 1.0534488, 7.0581064
6.5122285, 1.1013328, 7.0964136
6.5218053, 1.0821792, 7.038953
6.5696893, 1.0630256, 7.019799
6.6367273, 0.9864111, 7.029376
6.655881, 1.043872, 7.019799
6.531382, 1.091756, 7.019799
6.5696893, 1.1204864, 7.0102224
6.531382, 1.0821792, 6.991069
6.5984197, 1.1204864, 7.0006456
6.5218053, 1.0247183, 6.981492
6.5218053, 1.043872, 6.943185
6.6079965, 1.1109096, 7.0485296
6.588843, 1.1013328, 7.0102224
6.5601125, 1.0726024, 7.019799
6.5696893, 1.0821792, 6.991069
6.540959, 1.091756, 6.9719152
6.5984197, 1.1013328, 6.991069
6.588843, 1.091756, 6.981492
