-0.22026655, -9.643845, -1.3024458
-0.20111294, -9.720459, -1.1875241
-0.19153613, -9.835381, -1.2162545
-0.22026655, -9.605537, -1.3982137
-0.25857377, -9.519346, -1.3503298
-0.31603462, -9.56723, -1.3599066
-0.2873042, -9.5385, -1.3503298
-0.10534488, -9.662998, -1.5035586
-0.39264908, -9.509769, -1.5801731
-0.45010993, -9.385271, -1.4748282
-0.10534488, -9.864111, -1.043872
-0.22984336, -9.959879, -1.3120226
-0.095768064, -9.212888, -1.340753
-0.019153614, -9.251195, -1.8866309
-0.62249243, -9.749189, -2.1068976
0.35434186, -10.611102, 0.076614454
1.0342951, -10.266336, 0.36391866
1.091756, -9.097966, -0.22984336
0.8810662, -9.835381, 0.21068975
0.63206923, -11.511322, 0.16280572
0.60333884, -9.844957, 0.05746084
1.2066777, -9.232041, -3.5529952
0.1340753, -9.653421, -3.323152
-0.8331822, -9.691729, -1.091756
-0.29688102, -9.050082, -1.2545617
0.40222588, -8.8777, -0.842759
0.15322891, -8.073248, 0.25857377
0.095768064, -7.536947, -0.11492168
1.2162545, -8.101978, 0.34476504
1.6759412, -8.0445175, 0.19153613
0.641646, -7.4603324, -0.11492168
-0.08619126, -7.1059904, -0.18195933
-1.043872, -6.7612257, -0.6607997
-2.1739352, -6.4164605, -2.7868507
-4.759673, -4.4244847, -5.00867
2.9592333, 1.6950948, 3.1411927
7.8912888, 12.172121, 15.658079
10.745177, 9.634268, 10.477027
14.432248, -9.088389, 16.634912
19.325996, -6.83784, 13.388376
19.354727, 4.2521024, -2.681506
0.59376204, 3.0550013, -2.0015526
-4.357447, 0.6991069, -0.82360536
-9.911995, -4.6255975, 5.659893
10.486604, -1.8579005, 15.255854
14.595054, -2.8634653, 16.960526
5.6982, -4.146757, 4.414908
-2.6431987, -2.528277, -1.9057846
-0.82360536, -1.934515, 2.336741
2.585738, -6.3685765, 14.623784
8.523358, -3.8881836, 9.691729
8.485051, -5.506664, 4.462792
5.8226986, -3.514688, 5.861006
3.6296098, -5.353435, 6.981492
5.4204726, -5.267244, 6.4547677
7.2687964, -4.185065, 6.1100025
6.349423, -4.453215, 6.157887
5.267244, -4.865018, 6.3589997
4.7979803, -4.606444, 6.83784
4.8841715, -4.2042184, 6.943185
5.104438, -4.232949, 6.943185
4.960786, -4.3478703, 6.943185
5.0757074, -4.2521024, 7.0102224
5.21936, -4.1180267, 6.981492
5.094861, -4.309563, 6.8186865
5.056554, -4.4436383, 6.7612257
5.3725886, -4.309563, 6.7803793
5.602432, -4.1659107, 6.742072
5.535394, -4.175488, 6.7324953
5.3725886, -4.3478703, 6.703765
5.3247046, -4.280833, 6.7229185
5.3725886, -4.2042184, 6.799533
5.401319, -4.146757, 6.895301
5.363012, -4.0222588, 6.9144545
5.257667, -4.0797195, 6.933608
5.2768207, -4.1946416, 6.9240313
5.267244, -4.213795, 6.8665705
5.3725886, -4.1276035, 6.8761473
5.4683566, -4.1371803, 6.847417
5.353435, -4.223372, 6.799533
5.305551, -4.1946416, 6.7803793
5.3725886, -4.213795, 6.694188
5.363012, -4.232949, 6.8186865
5.363012, -4.146757, 6.8665705
5.2002063, -4.1371803, 6.8091097
5.2768207, -4.223372, 6.83784
5.2768207, -4.2042184, 6.7803793
5.363012, -4.1276035, 6.8665705
5.3438582, -4.1180267, 6.8186865
5.3342814, -4.146757, 6.8569937
5.391742, -4.156334, 6.8282633
5.315128, -4.1180267, 6.8569937
5.2863975, -4.156334, 6.8665705
5.305551, -4.175488, 6.847417
5.353435, -4.156334, 6.847417
5.353435, -4.1180267, 6.7708025
5.3725886, -4.156334, 6.847417
5.3821654, -4.10845, 6.8665705
5.3342814, -4.0797195, 6.8569937
5.315128, -4.146757, 6.83784
5.2768207, -4.213795, 6.9048777
5.2480903, -4.1180267, 6.8761473
5.2959743, -4.1371803, 6.799533
5.353435, -4.1276035, 6.8091097
5.3725886, -4.146757, 6.9048777
5.401319, -4.098873, 6.8282633
5.2959743, -4.098873, 6.8282633
5.267244, -4.10845, 6.885724
5.2863975, -4.098873, 6.8665705
5.315128, -4.1180267, 6.8569937
5.267244, -4.0892963, 6.885724
5.3725886, -4.060566, 6.8761473
5.391742, -4.1180267, 6.9144545
5.449203, -4.1371803, 6.943185
5.209783, -4.146757, 6.895301
5.085284, -4.175488, 6.742072
5.094861, -3.9456444, 6.742072
5.363012, -4.050989, 6.933608
5.535394, -4.280833, 6.933608
5.4300494, -4.2521024, 6.7324953
5.3821654, -4.156334, 6.694188
5.4683566, -4.1180267, 6.789956
5.401319, -4.146757, 6.8282633
5.315128, -4.271256, 6.7803793
5.2959743, -4.185065, 6.7612257
5.257667, -4.050989, 6.885724
5.1810527, -4.1180267, 6.9144545
5.209783, -4.175488, 6.8569937
5.2863975, -4.223372, 6.8091097
5.363012, -4.185065, 6.8282633
5.315128, -4.280833, 6.799533
5.2002063, -4.2999864, 6.7324953
5.353435, -4.2521024, 6.7612257
5.2959743, -4.185065, 6.799533
5.2863975, -4.1946416, 6.789956
5.171476, -4.213795, 6.7708025
5.161899, -4.156334, 6.8569937
5.2768207, -4.10845, 6.885724
5.439626, -4.1180267, 6.8761473
5.4204726, -4.050989, 6.9144545
5.267244, -4.060566, 6.8665705
5.2768207, -4.1276035, 6.943185
5.3342814, -4.1371803, 6.885724
5.3438582, -4.10845, 6.8282633
5.449203, -4.10845, 6.847417
5.45878, -4.060566, 6.8569937
5.401319, -4.1180267, 6.847417
5.363012, -4.10845, 6.799533
5.3821654, -4.1276035, 6.847417
5.401319, -4.050989, 6.8091097
5.391742, -4.012682, 6.8569937
5.353435, -4.0414124, 6.885724
5.3247046, -4.098873, 6.8761473
5.401319, -4.0701427, 6.8091097
5.4204726, -4.050989, 6.847417
5.3725886, -4.0701427, 6.8665705
5.353435, -4.0797195, 6.83784
5.3438582, -4.0701427, 6.8761473
5.3438582, -4.0222588, 6.83784
5.391742, -4.098873, 6.83784
5.391742, -4.0892963, 6.8569937
5.439626, -4.0222588, 6.8186865
5.4683566, -3.9839516, 6.8282633
5.3725886, -4.060566, 6.8186865
5.363012, -4.0701427, 6.847417
5.401319, -4.0222588, 6.8091097
5.391742, -4.0222588, 6.8186865
5.3342814, -4.060566, 6.8761473
5.353435, -4.098873, 6.83784
5.401319, -4.098873, 6.8569937
5.3725886, -4.0701427, 6.8569937
5.439626, -4.0318356, 6.885724
5.401319, -4.060566, 6.83784
5.3247046, -4.003105, 6.8665705
5.305551, -4.0797195, 6.885724
5.315128, -4.0414124, 6.8665705
5.353435, -4.060566, 6.8761473
5.353435, -4.012682, 6.8569937
5.4204726, -4.003105, 6.9240313
5.363012, -4.0414124, 6.8761473
5.3342814, -4.060566, 6.83784
5.3342814, -4.0414124, 6.8091097
5.363012, -4.050989, 6.8569937
5.3342814, -4.0414124, 6.8186865
5.363012, -4.0318356, 6.8282633
5.3821654, -4.060566, 6.847417
5.3821654, -4.0701427, 6.8665705
5.410896, -4.003105, 6.8761473
5.3821654, -4.0414124, 6.8569937
5.3438582, -4.012682, 6.8665705
5.3725886, -4.0318356, 6.8665705
5.363012, -3.9839516, 6.895301
5.3725886, -4.050989, 6.83784
5.410896, -4.0222588, 6.9048777
5.4204726, -3.9743748, 6.895301
5.401319, -4.0222588, 6.885724
5.401319, -4.0222588, 6.8569937
5.401319, -4.012682, 6.895301
5.3821654, -4.003105, 6.895301
5.363012, -3.9935284, 6.933608
5.315128, -3.9935284, 6.885724
5.3821654, -3.9935284, 6.895301
5.391742, -4.060566, 6.83784
5.3725886, -3.9935284, 6.8665705
5.363012, -3.9935284, 6.9144545
5.3342814, -4.0318356, 6.8761473
5.3438582, -4.0318356, 6.83784
5.3438582, -3.9935284, 6.8569937
