2.1260512, 9.404425, -2.27928
2.135628, 9.528923, -2.4899697
2.2697031, 9.32781, -2.9975405
2.2122424, 9.375694, -2.5187001
2.087744, 9.346964, -1.8674773
2.135628, 9.404425, -2.3080103
2.1260512, 9.662998, -2.6719291
1.8962077, 9.088389, -2.6240451
1.8100165, 8.820239, -2.5474305
2.566584, 9.528923, -2.1547816
2.1739352, 9.394848, -2.882619
2.3942018, 9.212888, -3.1890767
2.3942018, 9.14585, -3.074155
2.2601264, 8.714894, -2.8634653
2.5187001, 9.030929, -3.074155
2.930503, 9.241618, -2.9975405
2.7581203, 9.337387, -2.9783869
2.5378537, 9.452309, -2.6527755
2.7485435, 8.944737, -2.825158
2.2984335, 8.801085, -3.2369606
2.2984335, 8.446744, -3.122039
2.3080103, 7.6710224, -3.41892
2.1739352, 8.7053175, -3.4284968
2.9783869, 8.532935, -3.074155
3.8498764, 7.9104424, -2.815581
2.777274, 7.07726, -3.122039
2.681506, 6.991069, -3.5913026
2.2888567, 6.7324953, -3.9743748
1.8291701, 5.7748146, -4.31914
1.6950948, 6.1100025, -5.0278234
1.4748282, 6.042965, -5.267244
2.432509, 5.056554, -3.2369606
2.8921957, 4.8841715, -3.821146
3.217807, 3.2465374, -5.1235914
5.0757074, 4.0797195, -6.2632318
1.7142484, 11.722012, -3.0071173
2.72939, 13.570335, 0.17238252
2.432509, 11.147403, -4.462792
9.385271, 18.626888, -1.9728222
8.197746, 15.045163, -7.5848308
1.4652514, 3.5817258, -15.045163
7.0964136, 2.1643584, -10.821792
1.7908629, 2.4708161, -8.015787
4.4723687, 6.7229185, -7.326257
2.2601264, 7.383718, -4.2904096
1.388637, 5.899313, -3.9935284
3.0933087, 5.1810527, -2.777274
-0.545878, 3.8402996, -3.7924154
0.5554548, 5.6120086, 3.9360676
-4.7309427, 2.2218192, 6.435614
1.5131354, 4.3287168, 13.053187
-0.61291564, 6.694188, 10.831368
-3.763685, -1.13964, 11.33894
-3.7828386, -3.9456444, 18.65562
6.6079965, 1.4748282, 17.0946
1.0534488, 6.205771, 1.7046716
-0.7182605, 1.1204864, 3.1028855
-1.6376339, -0.5363012, 11.865664
-0.25857377, 7.747637, 13.656527
-0.16280572, 6.291962, 7.6231384
-0.61291564, 2.9400797, 6.6846113
0.6895301, 2.5187001, 9.203311
-0.48841715, 4.3957543, 9.787497
1.5035586, 3.8498764, 8.408437
2.7964275, 2.882619, 8.571242
2.9400797, 3.3997664, 9.279925
3.2465374, 2.3558946, 8.197746
2.9496565, 3.6296098, 8.331821
2.9400797, 3.4380736, 9.050082
2.1930888, 3.4572272, 8.7053175
1.7717092, 3.7541082, 8.762778
1.532289, 3.715801, 8.925584
1.4556746, 3.8402996, 8.983045
1.5705963, 3.620033, 8.925584
1.6472107, 3.3423057, 8.724471
1.8579005, 3.3901896, 9.203311
1.8579005, 3.4572272, 8.628703
1.9632454, 3.3423057, 8.925584
1.9632454, 3.3518825, 8.762778
1.7908629, 3.4476504, 8.791509
1.733402, 3.3806129, 9.050082
1.4939818, 3.41892, 8.868123
1.1109096, 3.4284968, 8.992621
1.2449849, 3.3997664, 8.839393
1.6089035, 3.4476504, 8.916007
1.8100165, 3.4476504, 8.66701
1.7621324, 3.4284968, 9.002198
1.6472107, 3.4572272, 8.887277
1.7908629, 3.4093432, 8.944737
2.2122424, 3.4380736, 8.791509
2.1164744, 3.3039982, 8.791509
1.6663644, 3.3327289, 9.002198
1.4460979, 3.2369606, 8.887277
1.4652514, 3.2944214, 9.021352
1.5131354, 3.323152, 8.810662
1.6376339, 3.2752678, 9.14585
1.4748282, 3.3614593, 8.887277
1.4556746, 3.41892, 8.743625
1.685518, 3.3135753, 9.002198
1.7717092, 3.3423057, 8.839393
1.8195933, 3.4476504, 8.820239
1.7621324, 3.371036, 8.925584
1.6663644, 3.3997664, 8.858546
1.5705963, 3.3614593, 8.896853
1.5801731, 3.3039982, 8.954314
1.5801731, 3.3614593, 8.90643
1.6567876, 3.3806129, 8.8777
1.6759412, 3.4284968, 8.8777
1.7142484, 3.2944214, 8.839393
1.7046716, 3.2944214, 8.954314
1.6759412, 3.3997664, 8.935161
1.6184803, 3.3901896, 8.887277
1.5801731, 3.3327289, 8.944737
1.5993267, 3.4476504, 8.820239
1.6759412, 3.3039982, 8.925584
1.6184803, 3.3327289, 8.90643
1.5514427, 3.4284968, 8.887277
1.6567876, 3.3806129, 8.954314
1.6089035, 3.3806129, 8.887277
1.6376339, 3.371036, 8.896853
1.6089035, 3.3423057, 8.935161
1.6184803, 3.3901896, 8.896853
1.6663644, 3.3997664, 8.916007
1.6663644, 3.3806129, 8.916007
1.6950948, 3.371036, 8.90643
1.6089035, 3.3423057, 8.801085
1.5993267, 3.371036, 8.935161
1.5897499, 3.3806129, 8.944737
1.541866, 3.3806129, 8.916007
1.6376339, 3.3997664, 8.916007
1.6280571, 3.3423057, 8.8777
1.685518, 3.3327289, 8.925584
1.6567876, 3.3423057, 8.916007
1.5993267, 3.3423057, 8.858546
1.6184803, 3.3806129, 8.90643
1.5227122, 3.3901896, 8.896853
1.5897499, 3.3901896, 8.935161
1.6089035, 3.4093432, 8.829816
1.6376339, 3.3614593, 8.858546
1.6759412, 3.3135753, 8.963891
1.6950948, 3.3135753, 8.858546
1.5801731, 3.371036, 8.90643
1.5897499, 3.371036, 8.944737
1.6184803, 3.3518825, 8.963891
1.6184803, 3.3614593, 8.858546
1.6663644, 3.371036, 9.011775
1.5993267, 3.371036, 8.916007
1.6567876, 3.3614593, 8.935161
1.6759412, 3.3806129, 8.954314
1.5801731, 3.3327289, 8.896853
1.6280571, 3.3614593, 8.868123
1.5705963, 3.3135753, 8.868123
1.7046716, 3.2944214, 8.896853
1.6663644, 3.4093432, 9.011775
1.5897499, 3.371036, 8.90643
1.6184803, 3.371036, 8.90643
1.6184803, 3.3806129, 8.916007
1.6663644, 3.3423057, 8.944737
1.6472107, 3.3901896, 8.887277
1.6089035, 3.4093432, 8.90643
1.6184803, 3.323152, 8.973468
1.6472107, 3.41892, 8.90643
1.6280571, 3.3806129, 8.858546
1.6376339, 3.3039982, 8.963891
1.6759412, 3.3518825, 8.90643
1.6376339, 3.3901896, 8.887277
1.6472107, 3.3327289, 8.887277
1.6376339, 3.4380736, 8.887277
1.6567876, 3.371036, 8.935161
1.5993267, 3.2752678, 8.896853
1.6184803, 3.3518825, 8.90643
1.5897499, 3.3901896, 8.868123
1.6376339, 3.3327289, 8.916007
1.6280571, 3.371036, 8.916007
1.6376339, 3.3997664, 8.916007
1.6759412, 3.3518825, 8.944737
1.6376339, 3.2848446, 8.944737
1.6663644, 3.3327289, 8.839393
1.6376339, 3.371036, 8.896853
1.6184803, 3.371036, 8.935161
1.6280571, 3.3806129, 8.90643
1.685518, 3.3423057, 8.896853
1.6567876, 3.3327289, 8.8777
1.6280571, 3.3614593, 8.868123
1.6184803, 3.3901896, 8.916007
1.6280571, 3.3518825, 8.868123
1.5993267, 3.3327289, 8.954314
1.6472107, 3.4093432, 8.925584
1.6089035, 3.3327289, 8.963891
1.6472107, 3.323152, 8.896853
1.6472107, 3.3518825, 8.896853
1.6376339, 3.4380736, 8.935161
1.6567876, 3.3997664, 8.868123
1.6472107, 3.3901896, 8.887277
1.6376339, 3.3039982, 8.887277
1.6567876, 3.3135753, 8.935161
1.6472107, 3.323152, 8.916007
1.6472107, 3.3614593, 8.954314
1.6759412, 3.3997664, 8.8777
1.5993267, 3.3806129, 8.935161
1.6567876, 3.3039982, 8.896853
1.6376339, 3.3806129, 8.90643
1.685518, 3.3614593, 8.916007
1.685518, 3.323152, 8.887277
