2.030283, 9.557653, -2.0015526
1.9536686, 9.557653, -2.0494366
1.9440918, 9.500193, -2.030283
2.0111294, 9.56723, -2.0111294
2.0207062, 9.548077, -2.3750482
1.8866309, 9.662998, -0.93852705
1.9632454, 9.509769, -2.135628
2.0494366, 9.452309, -1.6376339
1.8962077, 9.519346, -1.5514427
1.8866309, 9.586384, -2.0207062
1.8770541, 9.56723, -2.3175871
1.9728222, 9.519346, -1.934515
2.0015526, 9.481039, -1.5801731
2.0111294, 9.346964, -1.8579005
2.1643584, 9.682152, -2.7389667
2.4133554, 8.724471, -3.2465374
2.2026656, 7.7189064, -2.5953147
2.480393, 8.456321, -3.5242648
3.466804, 11.60709, -2.9975405
4.3861775, 8.8777, -2.336741
4.2425256, 8.446744, -2.882619
3.1507695, 8.628703, -3.4763808
2.2505496, 8.647857, -4.280833
3.6487634, 8.90643, -2.1930888
3.6008794, 8.734048, -2.585738
3.8881836, 8.772355, -3.1124623
2.930503, 8.628703, -3.1411927
3.1986535, 9.184157, -2.8634653
3.1316159, 9.634268, -2.719813
3.0550013, 10.266336, -2.1452048
3.1603463, 9.193734, -3.3039982
3.0550013, 7.7093296, -3.064578
2.0015526, 7.4028716, -4.7884035
2.0973208, 8.523358, -3.217807
2.777274, 7.565677, -3.3901896
3.2944214, 7.4124484, -4.817134
0.9959879, 8.513782, -5.0182467
2.2026656, 6.0525417, -7.9966335
4.7979803, 7.8050976, -7.469909
1.9153614, 7.019799, -8.676587
2.0207062, 8.504205, -8.791509
2.1643584, 7.249643, -8.0445175
1.8770541, 4.3861775, -7.7667904
-0.94810385, 1.3120226, -2.2218192
-0.50757074, 2.1260512, 5.861006
-1.4077905, 1.4077905, 8.542512
-0.5650316, 6.253655, 12.6222315
-0.35434186, 9.557653, 11.21444
3.620033, 9.864111, 7.2113357
-1.3215994, 3.9839516, 10.563218
-1.1779473, -1.3024458, 12.449849
2.9113493, -11.760319, 17.889475
16.19438, 7.6614456, 19.412188
4.3766007, 9.471462, 8.66701
7.422025, 2.3558946, 0.29688102
4.8745947, -0.25857377, -0.61291564
-4.5202527, -3.0071173, 11.722012
12.124237, 9.749189, 13.790602
4.309563, 11.616667, 7.4507556
0.9864111, 4.5777135, 5.506664
-0.05746084, -0.18195933, 8.197746
2.1643584, 1.8195933, 10.295067
4.156334, 6.588843, 8.714894
4.721366, 3.9839516, 7.872135
3.9839516, 4.606444, 7.192182
3.7253778, 5.449203, 7.642292
2.9975405, 4.903325, 7.9008656
3.620033, 4.367024, 8.801085
3.4284968, 3.6296098, 8.532935
2.4899697, 3.8307228, 7.517793
1.9632454, 3.0550013, 8.561666
1.0630256, 2.3080103, 9.548077
2.0398598, 3.4859576, 9.203311
2.4229321, 4.7309427, 8.916007
0.8331822, 3.4955344, 8.494628
1.7429788, 4.1371803, 8.925584
1.8866309, 3.1890767, 8.408437
0.60333884, 4.271256, 8.839393
0.7661445, 4.1659107, 9.634268
0.39264908, 4.003105, 9.107543
0.6607997, 4.2521024, 8.552089
0.9959879, 3.7349546, 8.896853
1.3694834, 3.9552212, 8.973468
1.5897499, 3.8019924, 8.628703
1.5705963, 3.763685, 8.820239
1.4269443, 3.6583402, 8.90643
1.3215994, 3.7541082, 8.743625
1.5227122, 3.7445314, 8.858546
1.3311762, 3.7732618, 8.791509
1.3694834, 3.86903, 8.810662
1.3599066, 3.821146, 8.848969
1.1683705, 3.821146, 8.925584
1.3120226, 3.715801, 8.839393
1.1779473, 3.7541082, 8.7532015
1.3599066, 3.8594532, 8.896853
1.3215994, 3.8019924, 8.820239
1.2737153, 3.7541082, 8.839393
1.3982137, 3.7349546, 8.858546
1.388637, 3.8115692, 8.848969
1.3503298, 3.7828386, 8.8777
1.3982137, 3.7732618, 8.762778
1.3215994, 3.821146, 8.810662
1.3024458, 3.8402996, 8.8777
1.2737153, 3.8402996, 8.868123
1.3120226, 3.7253778, 8.820239
1.3215994, 3.7541082, 8.801085
1.340753, 3.7445314, 8.954314
1.3120226, 3.821146, 8.858546
1.3982137, 3.7541082, 8.858546
1.3982137, 3.7445314, 8.858546
1.3311762, 3.7541082, 8.820239
1.2737153, 3.7924154, 8.848969
1.292869, 3.7732618, 8.935161
1.2354081, 3.7828386, 8.858546
1.340753, 3.7253778, 8.829816
1.3215994, 3.7253778, 8.858546
1.3120226, 3.7062242, 8.839393
1.3024458, 3.7445314, 8.848969
1.3503298, 3.7445314, 8.868123
1.3120226, 3.8019924, 8.858546
1.3024458, 3.7445314, 8.868123
1.2737153, 3.715801, 8.896853
1.3215994, 3.6870706, 8.858546
1.3311762, 3.763685, 8.848969
1.2354081, 3.8115692, 8.858546
1.292869, 3.7732618, 8.90643
1.3120226, 3.7445314, 8.896853
1.340753, 3.6870706, 8.839393
1.292869, 3.667917, 8.887277
1.2737153, 3.715801, 8.848969
1.2737153, 3.8019924, 8.801085
1.292869, 3.8115692, 8.810662
1.3120226, 3.821146, 8.781932
1.4173675, 3.763685, 8.820239
1.4748282, 3.7062242, 8.8777
1.484405, 3.6583402, 8.810662
1.4748282, 3.7062242, 8.848969
1.3790601, 3.7732618, 8.839393
1.4269443, 3.7924154, 8.810662
1.3215994, 3.7541082, 8.8777
1.2545617, 3.7349546, 8.887277
1.340753, 3.7445314, 8.868123
1.4077905, 3.7924154, 8.868123
1.4173675, 3.6966474, 8.801085
1.4748282, 3.8115692, 8.829816
1.4748282, 3.7924154, 8.772355
1.3982137, 3.7253778, 8.8777
1.3694834, 3.715801, 8.925584
1.3982137, 3.763685, 8.791509
1.388637, 3.7828386, 8.848969
1.3599066, 3.7924154, 8.887277
1.3694834, 3.7541082, 8.868123
1.3311762, 3.715801, 8.858546
1.3599066, 3.7253778, 8.90643
1.3982137, 3.7062242, 8.820239
1.4173675, 3.7828386, 8.848969
1.4269443, 3.7253778, 8.896853
1.3503298, 3.7349546, 8.839393
1.3790601, 3.8019924, 8.839393
1.3790601, 3.6774938, 8.8777
1.3503298, 3.7253778, 8.820239
1.3599066, 3.7445314, 8.791509
1.3599066, 3.7924154, 8.839393
1.340753, 3.7828386, 8.887277
1.388637, 3.7445314, 8.820239
1.3982137, 3.7541082, 8.8777
1.340753, 3.7062242, 8.848969
1.3982137, 3.7253778, 8.848969
1.3694834, 3.763685, 8.820239
1.3503298, 3.7349546, 8.810662
1.3599066, 3.763685, 8.858546
1.4077905, 3.7445314, 8.858546
1.3599066, 3.7445314, 8.839393
1.388637, 3.7253778, 8.8777
1.3982137, 3.7349546, 8.887277
1.3599066, 3.7924154, 8.829816
1.388637, 3.763685, 8.839393
1.3215994, 3.6870706, 8.839393
1.3599066, 3.7541082, 8.896853
1.388637, 3.7349546, 8.887277
1.340753, 3.715801, 8.839393
1.4269443, 3.7541082, 8.820239
1.3694834, 3.7828386, 8.896853
1.3311762, 3.7253778, 8.8777
1.3503298, 3.7349546, 8.887277
1.3694834, 3.7253778, 8.829816
1.3790601, 3.7541082, 8.887277
1.388637, 3.7445314, 8.954314
1.3503298, 3.6870706, 8.868123
1.3599066, 3.7349546, 8.916007
1.3215994, 3.715801, 8.839393
1.283292, 3.7541082, 8.734048
1.4652514, 3.7253778, 8.935161
1.4748282, 3.7445314, 8.896853
1.4460979, 3.620033, 8.781932
1.3790601, 3.6487634, 8.848969
1.340753, 3.667917, 8.801085
1.388637, 3.7445314, 8.896853
1.3024458, 3.6870706, 8.743625
1.4077905, 3.7349546, 8.925584
1.5993267, 3.7732618, 8.848969
1.7142484, 3.763685, 8.801085
1.6567876, 3.6583402, 8.781932
1.532289, 3.667917, 8.8777
1.541866, 3.7253778, 8.829816
1.4077905, 3.7732618, 8.829816
1.3694834, 3.7349546, 8.896853
1.3311762, 3.7828386, 8.848969
1.4173675, 3.821146, 8.810662
1.5227122, 3.763685, 8.839393
1.532289, 3.620033, 8.829816
1.4748282, 3.5625722, 8.848969
1.4748282, 3.7253778, 8.839393
1.484405, 3.7828386, 8.772355
1.4460979, 3.7732618, 8.820239
1.4077905, 3.7445314, 8.848969
1.3120226, 3.715801, 8.896853
1.3790601, 3.6391866, 8.858546
1.4077905, 3.6774938, 8.820239
1.5035586, 3.6583402, 8.868123
1.4652514, 3.7445314, 8.868123
1.3694834, 3.6966474, 8.801085
1.4077905, 3.7349546, 8.8777
1.4269443, 3.6391866, 8.8777
1.3982137, 3.6774938, 8.839393
1.436521, 3.620033, 8.791509
1.4748282, 3.715801, 8.820239
1.4269443, 3.7253778, 8.839393
1.4077905, 3.7062242, 8.8777
1.4652514, 3.7349546, 8.810662
1.4077905, 3.6966474, 8.887277
1.4077905, 3.6487634, 8.829816
1.4556746, 3.7062242, 8.868123
1.4748282, 3.7541082, 8.8777
