-1.7621324, 9.701305, 0.5363012
-1.5897499, 9.442732, 0.8810662
0.78529817, 9.509769, 2.9783869
0.6607997, 7.6710224, 5.401319
0.1436521, 7.6710224, 2.27928
2.0973208, 7.8912888, 3.8594532
2.528277, 5.813122, 2.2697031
3.6008794, 6.7612257, 5.1140146
-0.34476504, 8.00621, 2.0685902
0.5363012, 7.0485296, 5.861006
3.6774938, 7.872135, 4.999093
4.501099, 6.885724, 4.817134
6.033388, 4.501099, 5.841852
2.0398598, 4.5394063, 5.6120086
0.40222588, 5.5162406, 7.8050976
-0.6991069, 4.1276035, 5.803545
-4.5872903, 3.5913026, 7.929596
-7.5465236, 11.405977, 6.38773
-5.506664, 7.2592196, 9.107543
-5.583278, 6.5505357, 6.540959
7.9870567, 2.7964275, 8.647857
-13.464991, -4.759673, 17.448942
12.53604, -3.466804, 3.3423057
-0.641646, -4.0222588, 6.7612257
-4.721366, 1.1013328, 5.66947
-9.107543, 1.6567876, 15.600618
-4.3766007, -3.3135753, 5.142745
0.7086837, -1.5993267, 1.8100165
-7.469909, 0.047884032, 8.207323
-9.509769, -15.600618, 3.0262709
-6.579266, -6.081272, 7.1155677
-4.31914, 9.883265, 6.531382
-4.548983, 3.2944214, -1.292869
-12.852075, -12.277467, 13.694834
-5.746084, -4.3861775, 4.3287168
-2.9975405, 1.292869, 7.833828
-10.141838, -0.62249243, 5.841852
-12.660539, 1.043872, 9.509769
-5.0757074, 0.4309563, 3.6774938
-6.38773, 0.4213795, 2.0015526
-9.050082, 3.3806129, 4.548983
-8.121132, 6.1387334, 6.4260373
-9.519346, 1.5993267, 2.585738
-11.099519, 0.79487497, 2.9783869
-11.281479, -0.1340753, 3.074155
-7.872135, 1.8579005, 3.217807
-9.653421, 1.0342951, 3.8498764
-10.448297, 0.40222588, 4.1371803
-8.8777, 0.6607997, 2.767697
-8.887277, 1.3790601, 4.012682
-9.481039, 1.5035586, 4.6160207
-8.743625, 1.3024458, 4.1659107
-8.274361, 1.532289, 4.357447
-8.379706, 1.6089035, 4.903325
-8.2169, 1.436521, 4.9895163
-7.9583263, 1.1683705, 5.133168
-7.9966335, 1.2066777, 5.257667
-8.0924015, 1.1204864, 5.2863975
-7.8529816, 1.2066777, 5.4300494
-7.8050976, 0.94810385, 5.6407394
-7.4507556, 0.89064306, 5.813122
-7.3549876, 0.94810385, 5.841852
-7.441179, 1.043872, 6.14831
-7.4986396, 0.9768343, 5.9663506
-7.3166804, 1.1779473, 5.9663506
-7.0006456, 1.2066777, 6.6079965
-7.192182, 0.9768343, 6.531382
-6.981492, 1.0055647, 6.3589997
-7.1634517, 1.1875241, 6.3302693
-7.297527, 1.043872, 6.3685765
-7.0964136, 1.1587936, 6.349423
-7.240066, 1.0534488, 6.2728086
-7.345411, 1.0534488, 6.2728086
-7.393295, 1.1013328, 6.349423
-7.3549876, 1.1492168, 6.090849
-7.469909, 1.0821792, 5.90889
-7.517793, 1.1587936, 6.0046577
-7.5848308, 1.2449849, 5.985504
-7.5944076, 1.2162545, 5.899313
-7.536947, 1.1875241, 5.8801594
-7.690176, 1.1683705, 5.841852
-7.7093296, 1.2162545, 5.851429
-7.747637, 1.1971009, 5.746084
-7.73806, 1.2066777, 5.66947
-7.8625584, 1.2258313, 5.650316
-7.8625584, 1.2258313, 5.592855
-7.8529816, 1.292869, 5.554548
-7.8529816, 1.2737153, 5.602432
-7.9104424, 1.1875241, 5.5641246
-7.881712, 1.1875241, 5.5162406
-7.843405, 1.1971009, 5.544971
-7.8625584, 1.2737153, 5.602432
-7.843405, 1.2258313, 5.5737014
-7.795521, 1.2641385, 5.5737014
-7.843405, 1.2258313, 5.6120086
-7.7667904, 1.2641385, 5.6215854
-7.843405, 1.1875241, 5.650316
-7.795521, 1.2066777, 5.6215854
-7.795521, 1.283292, 5.6407394
-7.785944, 1.2354081, 5.6407394
-7.795521, 1.283292, 5.650316
-7.747637, 1.283292, 5.659893
-7.785944, 1.1971009, 5.602432
-7.776367, 1.2641385, 5.6407394
-7.776367, 1.2737153, 5.6790466
-7.7667904, 1.2449849, 5.717354
-7.747637, 1.2545617, 5.66947
-7.7189064, 1.2449849, 5.6886234
-7.73806, 1.2449849, 5.755661
-7.728483, 1.2449849, 5.659893
-7.690176, 1.283292, 5.7269306
-7.73806, 1.340753, 5.803545
-7.747637, 1.2449849, 5.650316
-7.73806, 1.2449849, 5.6790466
-7.7667904, 1.283292, 5.765238
-7.728483, 1.1683705, 5.631162
-7.690176, 1.2258313, 5.6790466
-7.8146744, 1.2449849, 5.707777
-7.747637, 1.3311762, 5.707777
-7.776367, 1.292869, 5.659893
-7.747637, 1.3024458, 5.6790466
-7.7572136, 1.2449849, 5.707777
-7.73806, 1.2066777, 5.6790466
-7.747637, 1.2449849, 5.659893
-7.728483, 1.2641385, 5.7269306
-7.7572136, 1.2737153, 5.707777
-7.7093296, 1.2641385, 5.6982
-7.73806, 1.2737153, 5.6886234
-7.728483, 1.2641385, 5.717354
-7.728483, 1.2737153, 5.6886234
-7.747637, 1.3311762, 5.6982
-7.747637, 1.3120226, 5.7365074
-7.73806, 1.2449849, 5.631162
-7.7189064, 1.2737153, 5.6790466
-7.843405, 1.2737153, 5.6886234
-7.728483, 1.3120226, 5.746084
-7.632715, 1.2737153, 5.765238
-7.73806, 1.2354081, 5.650316
-7.795521, 1.2641385, 5.746084
-7.795521, 1.283292, 5.707777
-7.7189064, 1.2737153, 5.707777
-7.7667904, 1.3024458, 5.6790466
-7.795521, 1.283292, 5.650316
-7.6710224, 1.2449849, 5.659893
-7.7572136, 1.3120226, 5.7365074
-7.8050976, 1.3120226, 5.631162
-7.8050976, 1.3215994, 5.659893
-7.8050976, 1.1300632, 5.6407394
-7.699753, 1.1300632, 5.6982
-7.73806, 1.1492168, 5.7269306
-7.7189064, 1.2066777, 5.6886234
-7.747637, 1.2641385, 5.803545
-7.632715, 1.3311762, 5.755661
-7.575254, 1.283292, 5.66947
-7.632715, 1.1587936, 5.6886234
-7.747637, 1.1779473, 5.7748146
-7.690176, 1.2354081, 5.6215854
-7.747637, 1.2354081, 5.48751
-7.833828, 1.2641385, 5.631162
-7.872135, 1.2449849, 5.544971
-8.015787, 1.2258313, 5.391742
-7.9870567, 1.2162545, 5.3342814
-8.025364, 1.2066777, 5.2863975
-8.054094, 1.2545617, 5.257667
-8.130709, 1.2066777, 5.3247046
-8.025364, 1.283292, 5.2289367
-8.034941, 1.3694834, 5.2863975
-8.0445175, 1.2641385, 5.3342814
-8.034941, 1.3120226, 5.3725886
-8.082825, 1.2066777, 5.315128
-8.015787, 1.2258313, 5.4204726
-7.920019, 1.283292, 5.315128
-7.9391727, 1.283292, 5.3342814
-8.0445175, 1.2545617, 5.391742
-7.967903, 1.3311762, 5.410896
-7.9487495, 1.2449849, 5.3342814
-7.97748, 1.283292, 5.4204726
-7.9870567, 1.2449849, 5.363012
-8.015787, 1.3024458, 5.315128
-8.073248, 1.2641385, 5.315128
-8.00621, 1.292869, 5.2959743
-7.967903, 1.283292, 5.305551
-7.9870567, 1.2641385, 5.3438582
-8.073248, 1.2258313, 5.3438582
-7.967903, 1.2641385, 5.3438582
-8.034941, 1.340753, 5.3438582
-8.015787, 1.2641385, 5.257667
-7.967903, 1.2354081, 5.3438582
-7.929596, 1.3215994, 5.353435
-7.9487495, 1.283292, 5.3725886
-8.025364, 1.2545617, 5.305551
-8.015787, 1.292869, 5.353435
-8.0445175, 1.2066777, 5.2959743
-8.0445175, 1.3024458, 5.2959743
-8.063671, 1.2641385, 5.2768207
-8.054094, 1.2737153, 5.2863975
