-1.9249382, 9.691729, -0.21068975
-0.9864111, 8.848969, 0.16280572
-0.7661445, 3.1507695, 6.14831
-14.633361, 10.46745, 15.140931
-3.964798, 15.485697, 14.422671
-8.868123, 10.228029, 11.099519
-1.1300632, 5.7365074, 6.090849
5.2480903, 6.2632318, 2.1164744
-14.422671, -8.2169, 16.318878
7.1347213, -3.5242648, -0.047884032
-3.0262709, 2.3750482, 7.1059904
0.2681506, 2.7964275, 10.323798
-6.042965, -0.9576807, 14.288596
-10.783484, -7.642292, 11.712435
-1.9536686, 0.9576807, 2.3750482
-9.892841, -13.196839, 2.9975405
-8.916007, -5.554548, 0.7565677
-4.960786, 10.46745, 5.267244
-11.549629, -3.916914, 4.2999864
-9.883265, -18.358738, 3.083732
-6.2632318, -0.8619126, 1.283292
-9.088389, 4.0797195, 0.38307226
-7.575254, 1.7525556, 11.080365
-18.464083, 4.0222588, 1.0534488
-7.9391727, 1.733402, 7.2113357
-4.865018, 2.5570073, 0.24899697
-6.895301, 2.030283, 6.981492
-9.11712, 3.1603463, 3.8019924
-7.7667904, 1.2545617, 5.1906295
-8.686164, 0.94810385, 6.090849
-7.029376, 1.3120226, 6.167464
-6.196194, 0.78529817, 6.9144545
-7.3645644, -1.0055647, 6.2249246
-7.1730285, -0.047884032, 6.2345014
-7.489063, 0.641646, 5.899313
-7.067683, 1.1300632, 6.5026517
-8.054094, 0.90021986, 5.889736
-7.2687964, 1.3311762, 6.253655
-7.9583263, 1.1683705, 5.8322754
-7.699753, 1.8962077, 5.602432
-7.8529816, 1.1683705, 5.497087
-7.795521, 0.8619126, 5.449203
-7.97748, 0.49799395, 5.2959743
-7.9487495, 0.6895301, 5.171476
-8.082825, 0.9768343, 4.8841715
-8.475474, 1.388637, 5.2002063
-8.820239, 1.6376339, 5.401319
-8.197746, 1.7046716, 5.592855
-7.536947, 1.4077905, 5.4779334
-7.9487495, 1.3694834, 5.602432
-7.479486, 1.2545617, 5.9184666
-7.651869, 1.3311762, 5.889736
-7.431602, 1.1013328, 5.9567738
-7.335834, 1.1492168, 6.1004257
-7.441179, 1.1300632, 6.081272
-7.3166804, 1.2354081, 6.042965
-7.2783732, 1.2737153, 6.090849
-7.4124484, 1.2258313, 6.1866174
-7.5082164, 1.3120226, 6.157887
-7.3071036, 1.283292, 6.1866174
-7.297527, 1.2737153, 6.0716953
-7.4986396, 1.3120226, 6.1866174
-7.441179, 1.3215994, 6.081272
-7.489063, 1.3120226, 5.9280434
-7.575254, 1.3790601, 5.9184666
-7.5561004, 1.3694834, 6.033388
-7.632715, 1.3982137, 5.8705826
-7.6614456, 1.3311762, 5.803545
-7.776367, 1.4556746, 5.6982
-7.8529816, 1.3790601, 5.6407394
-7.7667904, 1.4269443, 5.6886234
-7.776367, 1.4269443, 5.707777
-7.833828, 1.3790601, 5.6790466
-7.747637, 1.4173675, 5.6215854
-7.8050976, 1.4077905, 5.755661
-7.6710224, 1.4077905, 5.7269306
-7.680599, 1.3599066, 5.7365074
-7.651869, 1.3790601, 5.7748146
-7.5944076, 1.2641385, 5.851429
-7.575254, 1.3503298, 5.8322754
-7.603985, 1.4077905, 5.889736
-7.603985, 1.3503298, 5.8226986
-7.565677, 1.340753, 5.899313
-7.565677, 1.3599066, 5.90889
-7.5465236, 1.3024458, 5.889736
-7.5944076, 1.3694834, 5.90889
-7.6135616, 1.3120226, 5.899313
-7.5561004, 1.3790601, 5.889736
-7.642292, 1.3311762, 5.861006
-7.565677, 1.388637, 5.9184666
-7.632715, 1.3599066, 5.851429
-7.6135616, 1.3599066, 5.8801594
-7.642292, 1.4173675, 5.8226986
-7.5848308, 1.388637, 5.8322754
-7.5848308, 1.388637, 5.851429
-7.6231384, 1.388637, 5.851429
-7.5848308, 1.340753, 5.813122
-7.6135616, 1.3311762, 5.793968
-7.5944076, 1.4173675, 5.793968
-7.603985, 1.3599066, 5.8705826
-7.5848308, 1.436521, 5.899313
-7.6135616, 1.3599066, 5.7843914
-7.603985, 1.436521, 5.861006
-7.6135616, 1.340753, 5.851429
-7.632715, 1.3694834, 5.8801594
-7.690176, 1.3599066, 5.7748146
-7.642292, 1.3790601, 5.8801594
-7.575254, 1.3503298, 5.861006
-7.565677, 1.3599066, 5.861006
-7.5561004, 1.3503298, 5.93762
-7.565677, 1.340753, 5.8801594
-7.575254, 1.3790601, 5.8705826
-7.536947, 1.3599066, 5.899313
-7.6135616, 1.3215994, 5.899313
-7.565677, 1.3311762, 5.90889
-7.6231384, 1.3790601, 5.851429
-7.6135616, 1.3599066, 5.8801594
-7.6231384, 1.3599066, 5.841852
-7.536947, 1.3024458, 5.8705826
-7.565677, 1.3599066, 5.9280434
-7.6135616, 1.3503298, 5.8705826
-7.5082164, 1.3599066, 5.899313
-7.575254, 1.4556746, 5.8705826
-7.5561004, 1.3311762, 5.9280434
-7.5561004, 1.3024458, 5.947197
-7.5465236, 1.4077905, 5.899313
-7.5465236, 1.3599066, 5.899313
-7.52737, 1.3503298, 5.9663506
-7.52737, 1.3599066, 5.9567738
-7.565677, 1.3024458, 5.93762
-7.5944076, 1.3790601, 5.93762
-7.5465236, 1.388637, 5.9663506
-7.575254, 1.3503298, 5.9280434
-7.5848308, 1.3790601, 5.90889
-7.5465236, 1.3694834, 5.90889
-7.5848308, 1.340753, 5.9184666
-7.5465236, 1.4077905, 5.90889
-7.536947, 1.388637, 5.93762
-7.479486, 1.3790601, 5.9280434
-7.565677, 1.3311762, 5.947197
-7.575254, 1.3311762, 5.995081
-7.5465236, 1.3311762, 5.9280434
-7.565677, 1.3120226, 5.9280434
-7.5561004, 1.3503298, 5.985504
-7.565677, 1.3024458, 5.889736
-7.565677, 1.3982137, 5.9280434
-7.536947, 1.3215994, 5.9280434
-7.52737, 1.3599066, 5.9759274
-7.632715, 1.3120226, 5.9184666
-7.5082164, 1.3503298, 5.90889
-7.565677, 1.3790601, 5.985504
-7.5848308, 1.4077905, 5.9663506
-7.5561004, 1.3599066, 5.947197
-7.5082164, 1.3311762, 5.90889
-7.5848308, 1.3503298, 5.93762
-7.52737, 1.3311762, 5.947197
-7.4986396, 1.3311762, 5.9759274
-7.52737, 1.3215994, 5.947197
-7.565677, 1.3599066, 5.9184666
-7.565677, 1.3599066, 5.93762
-7.517793, 1.3982137, 5.9567738
-7.565677, 1.3215994, 5.93762
-7.5082164, 1.3503298, 5.9663506
-7.6231384, 1.340753, 5.8801594
-7.536947, 1.388637, 5.90889
-7.52737, 1.3790601, 5.9280434
-7.5561004, 1.4077905, 5.9567738
-7.536947, 1.340753, 5.93762
-7.4986396, 1.340753, 5.995081
-7.5465236, 1.3790601, 5.985504
-7.651869, 1.3694834, 6.0046577
-7.536947, 1.3694834, 5.9759274
-7.565677, 1.3215994, 5.985504
-7.5082164, 1.3694834, 5.9567738
-7.5465236, 1.3694834, 5.9280434
-7.5561004, 1.3311762, 5.899313
-7.536947, 1.4173675, 5.93762
-7.517793, 1.2641385, 5.9567738
-7.5465236, 1.3599066, 5.9280434
-7.6231384, 1.3215994, 5.861006
-7.5082164, 1.3790601, 5.9184666
-7.5944076, 1.3790601, 5.93762
-7.603985, 1.3982137, 5.889736
-7.517793, 1.3694834, 5.889736
-7.5465236, 1.3311762, 5.93762
-7.4986396, 1.3790601, 5.9663506
-7.5082164, 1.340753, 5.985504
-7.5082164, 1.3215994, 5.9759274
-7.4507556, 1.3599066, 5.93762
