2.1260512, 9.634268, 0.49799395
2.0973208, 10.103531, 0.12449849
2.0398598, 9.720459, 0.19153613
1.8770541, 9.787497, 0.095768064
1.6376339, 9.56723, -0.22026655
1.2066777, 9.739613, -0.41180268
1.9919758, 9.950302, -0.5363012
2.5953147, 9.911995, -0.23942018
2.1739352, 9.346964, 0.545878
0.20111294, 10.007763, 0.37349546
0.93852705, 8.580819, 1.8387469
-0.6607997, 9.011775, 1.4460979
-1.9632454, 8.494628, 1.8962077
-1.7525556, 7.536947, 2.825158
-2.6719291, 7.2687964, 2.5187001
-1.8387469, 7.2113357, 3.2561142
-1.5801731, 6.301539, 4.357447
-0.9576807, 6.4739213, 5.9567738
-2.27928, 6.2249246, 6.694188
-2.6144683, 5.8226986, 6.991069
-2.6240451, 6.0525417, 6.8186865
-2.1930888, 6.4547677, 7.5465236
-3.916914, 5.6407394, 7.4986396
-4.4723687, 5.506664, 7.6614456
-5.085284, 4.453215, 7.8050976
-4.8362875, 4.012682, 7.4028716
-4.606444, 2.8634653, 7.249643
-4.309563, 3.1124623, 7.73806
-5.1906295, 1.8866309, 7.5561004
-4.3382936, 2.0207062, 7.441179
-4.280833, 0.79487497, 7.4603324
-5.142745, 0.038307227, 8.42759
-5.602432, -0.4309563, 9.270349
-4.232949, -0.2777274, 8.599973
-2.9975405, 0.019153614, 8.207323
-2.1643584, 0.7565677, 8.42759
-5.602432, -16.615759, 18.847157
0.9576807, -7.6710224, 10.28549
0.22026655, 1.0151415, 7.249643
-1.7238252, 0.06703765, 7.9870567
-1.7046716, -4.510676, 7.28795
-1.7717092, -5.93762, 6.981492
-2.566584, -8.676587, 8.475474
-6.205771, -3.4955344, 7.249643
-5.4683566, -3.8977604, 7.029376
-3.2944214, -7.795521, 5.995081
-1.6567876, -5.00867, 1.6567876
-0.038307227, -4.9320555, 2.0590134
-1.9153614, -6.167464, 3.6870706
-4.146757, -6.655881, 2.6240451
-10.160992, -12.5264635, 6.0716953
-5.267244, -7.4986396, 3.6008794
-5.4300494, -4.0318356, 4.711789
-9.107543, -6.5696893, 3.6487634
-9.634268, -5.717354, 4.510676
-7.680599, -4.960786, 3.4093432
-6.8665705, -4.596867, 3.5338416
-7.441179, -4.232949, 4.185065
-8.063671, -3.6487634, 5.2385135
-7.565677, -4.1180267, 6.042965
-7.2783732, -5.171476, 5.544971
-6.9623384, -5.046977, 4.9224787
-6.751649, -4.606444, 4.855441
-7.0006456, -4.8458643, 4.673482
-6.8186865, -5.085284, 5.0374002
-6.540959, -4.7788267, 5.401319
-5.133168, -4.7788267, 5.746084
-5.0374002, -4.960786, 6.339846
-5.3821654, -4.9224787, 5.793968
-5.659893, -5.1140146, 4.903325
-5.947197, -4.817134, 5.3247046
-5.7843914, -4.0892963, 5.305551
-6.081272, -4.4915223, 5.6790466
-6.4068837, -5.094861, 6.483498
-6.435614, -5.0278234, 5.6407394
-5.363012, -5.00867, 5.2959743
-6.5505357, -5.813122, 3.9743748
-7.2113357, -6.167464, 4.5202527
-6.5505357, -4.951209, 4.2904096
-5.2002063, -5.7843914, 3.514688
-5.5641246, -5.765238, 4.1946416
-6.8761473, -4.9799395, 5.861006
-8.111555, -4.4340615, 5.602432
-6.8569937, -5.094861, 5.497087
-6.0525417, -5.3438582, 4.999093
-6.0525417, -5.363012, 5.1235914
-5.765238, -5.3821654, 5.142745
-6.205771, -5.7269306, 4.7022123
-5.66947, -5.8705826, 5.171476
-5.6407394, -5.2959743, 4.510676
-5.391742, -5.305551, 3.9839516
-5.717354, -5.21936, 5.1140146
-7.335834, -4.357447, 5.851429
-6.943185, -5.0278234, 5.48751
-5.851429, -5.4204726, 5.2959743
-6.5601125, -4.7405195, 5.2385135
-6.6654577, -5.0374002, 5.1235914
-5.889736, -5.4204726, 5.104438
-5.5641246, -5.133168, 5.3725886
-6.349423, -4.76925, 5.4683566
-6.799533, -5.2863975, 4.9703627
-6.1387334, -5.5258174, 4.9320555
-6.033388, -5.104438, 5.056554
-6.205771, -4.9895163, 5.257667
-6.2632318, -5.0182467, 5.305551
-6.2632318, -4.9703627, 5.3247046
-6.3589997, -4.951209, 5.305551
-6.4260373, -4.8841715, 5.2768207
-6.2823853, -4.9416323, 5.2959743
-6.167464, -4.960786, 5.2959743
-6.1195793, -4.9799395, 5.3342814
-6.253655, -4.9320555, 5.2768207
-6.244078, -4.9895163, 5.2768207
-6.205771, -5.00867, 5.305551
-6.196194, -5.0182467, 5.267244
-6.244078, -5.00867, 5.2863975
-6.157887, -5.0374002, 5.2959743
-6.129156, -4.9703627, 5.3438582
-6.157887, -4.912902, 5.2768207
-6.244078, -4.9895163, 5.3725886
-6.215348, -4.9416323, 5.3342814
-6.244078, -4.9799395, 5.257667
-6.301539, -4.9703627, 5.315128
-6.2823853, -4.9895163, 5.3725886
-6.2345014, -4.951209, 5.3821654
-6.291962, -5.0374002, 5.353435
-6.2632318, -4.9703627, 5.2959743
-6.205771, -4.912902, 5.3342814
-6.2632318, -5.00867, 5.2863975
-6.244078, -4.9224787, 5.257667
-6.2728086, -4.951209, 5.257667
-6.244078, -4.9703627, 5.2768207
-6.2249246, -4.999093, 5.3342814
-6.205771, -4.903325, 5.305551
-6.244078, -5.00867, 5.2959743
-6.253655, -4.9799395, 5.2959743
-6.2249246, -4.912902, 5.305551
-6.2728086, -4.9703627, 5.2863975
-6.2632318, -4.960786, 5.2863975
-6.1866174, -4.9320555, 5.2959743
-6.1866174, -4.9703627, 5.3247046
-6.2632318, -4.903325, 5.2863975
-6.2728086, -5.046977, 5.2385135
-6.244078, -4.9703627, 5.305551
-6.2728086, -4.9320555, 5.3247046
-6.244078, -4.9703627, 5.2768207
-6.205771, -5.0757074, 5.267244
-6.167464, -5.0278234, 5.1906295
-6.14831, -5.209783, 5.2385135
-6.397307, -4.951209, 5.4300494
-6.1387334, -4.663905, 5.439626
-6.215348, -4.76925, 5.3725886
-6.38773, -5.00867, 5.315128
-6.349423, -5.1140146, 5.2768207
-6.1770406, -4.9320555, 5.1235914
-6.1866174, -5.0661306, 5.1523223
-6.3781533, -5.094861, 5.1810527
-6.4547677, -5.056554, 5.161899
-6.3206925, -4.912902, 5.2480903
-6.1770406, -4.903325, 5.2289367
-6.196194, -4.8937483, 5.401319
-6.3111157, -4.903325, 5.506664
-6.4547677, -4.951209, 5.5737014
-6.2823853, -4.9895163, 5.2002063
-5.9567738, -5.094861, 5.056554
-6.2728086, -4.999093, 5.1140146
-6.435614, -4.9703627, 5.1140146
-6.493075, -4.8267107, 5.2863975
-6.339846, -4.7788267, 5.391742
-6.0621185, -4.960786, 5.4204726
-6.129156, -4.9799395, 5.353435
-6.244078, -5.0278234, 5.363012
-6.588843, -5.0661306, 5.2385135
-6.5122285, -4.9703627, 5.0278234
-6.033388, -5.0757074, 4.9895163
-6.483498, -5.056554, 4.9416323
-6.646304, -5.0182467, 5.4300494
-6.2823853, -4.807557, 5.401319
-6.0621185, -4.865018, 5.1906295
-6.3781533, -4.9799395, 5.1906295
-6.6367273, -4.9703627, 5.21936
-6.397307, -4.9895163, 5.2385135
-6.14831, -4.9416323, 5.21936
-6.1004257, -4.999093, 5.133168
-6.253655, -5.133168, 5.257667
-6.5696893, -4.9224787, 5.2863975
-6.3302693, -4.8267107, 5.2480903
-6.157887, -4.999093, 5.21936
-6.157887, -5.0182467, 5.2289367
-6.205771, -4.951209, 5.171476
-6.3302693, -5.0757074, 5.2002063
-6.38773, -4.951209, 5.2480903
-6.3589997, -4.8841715, 5.21936
-6.2823853, -4.9703627, 5.3342814
-6.291962, -4.9799395, 5.267244
-6.3781533, -4.960786, 5.2002063
-6.3302693, -4.951209, 5.3247046
-6.2728086, -4.9703627, 5.257667
-6.3302693, -4.960786, 5.2289367
-6.291962, -4.999093, 5.267244
-6.3685765, -4.9416323, 5.257667
-6.4260373, -4.903325, 5.3247046
-6.38773, -4.903325, 5.267244
-6.2823853, -4.9320555, 5.142745
-6.2345014, -4.960786, 5.2002063
-6.3111157, -4.9416323, 5.2863975
-6.301539, -4.9320555, 5.257667
-6.349423, -4.951209, 5.267244
-6.2823853, -4.9320555, 5.2289367
-6.301539, -4.9224787, 5.171476
-6.2728086, -4.912902, 5.2385135
-6.244078, -4.9224787, 5.2289367
-6.2728086, -4.9416323, 5.2863975
-6.3206925, -4.9320555, 5.2289367
-6.339846, -4.9416323, 5.2480903
-6.301539, -4.951209, 5.257667
-6.301539, -4.960786, 5.267244
-6.291962, -4.9320555, 5.2480903
-6.3206925, -4.912902, 5.267244
-6.3206925, -4.903325, 5.2385135
-6.3206925, -4.9320555, 5.3247046
-6.3589997, -4.855441, 5.2289367
-6.253655, -4.9416323, 5.2289367
-6.253655, -4.9799395, 5.2768207
-6.301539, -4.9320555, 5.3438582
