1.9153614, 9.5385, 1.8770541
0.019153614, 7.967903, 2.4612393
-1.9249382, 4.6926355, 3.6583402
-5.6886234, 6.042965, 5.209783
-5.2768207, 4.8267107, 6.090849
-5.861006, 3.8786068, 6.540959
-5.104438, 6.694188, 6.9048777
-3.9839516, 8.63828, 7.5561004
-3.7924154, 7.73806, 7.1251445
-3.6487634, 9.050082, 8.169016
-5.104438, 9.3661175, 7.9104424
-5.9663506, 6.933608, 6.5696893
-4.8267107, 4.711789, 5.899313
-3.5338416, 3.323152, 7.28795
-0.9864111, 8.264784, 6.0046577
6.033388, 17.870321, 15.849615
2.7868507, 12.306197, 6.196194
9.222465, 0.80445176, 15.811308
-2.480393, 2.1164744, 7.9391727
-4.7884035, 2.336741, 7.249643
2.767697, 1.3311762, 7.2113357
0.6512229, -2.9783869, 9.414001
2.767697, -2.2505496, 8.0924015
2.0973208, -1.1492168, 8.1402855
3.3039982, 0.7565677, 7.967903
5.1235914, -5.4204726, 6.483498
5.851429, -8.408437, 5.2863975
4.271256, -7.2113357, 4.6255975
1.8483237, -7.2113357, 3.1890767
1.7142484, -7.4603324, 3.016694
2.4420857, -7.335834, 4.8745947
2.920926, -9.672575, 2.9879637
3.7828386, -9.557653, 3.1507695
5.7365074, -7.824251, 3.3614593
6.5218053, -6.5601125, 2.4133554
7.1347213, -4.4915223, 3.5625722
6.847417, -1.6089035, 4.5681367
7.2687964, -0.15322891, 5.2480903
9.3182335, 1.1587936, 5.2002063
12.976573, 4.3861775, 3.8115692
9.097966, 3.2082303, 3.2082303
11.252748, 7.5944076, 4.9224787
11.042058, 4.462792, 4.759673
10.228029, 0.8810662, 6.1387334
8.66701, 1.5514427, 3.4284968
5.9280434, 1.3503298, 6.579266
5.2480903, 1.8387469, 6.4068837
6.9527617, -0.59376204, 5.659893
9.356541, -1.6950948, 6.033388
7.201759, 1.5993267, 4.8458643
7.383718, 2.2409728, 6.244078
8.599973, 0.39264908, 6.2632318
8.379706, 0.21068975, 5.803545
6.885724, 0.8714894, 5.631162
6.7133417, 1.5131354, 6.4260373
7.5082164, 1.4652514, 6.7133417
7.1730285, 0.41180268, 6.5601125
6.3111157, 0.7757214, 6.8665705
6.483498, 1.3215994, 7.374141
6.83784, 0.9959879, 7.5944076
5.765238, 0.81402856, 7.2304893
5.2385135, 0.047884032, 7.7093296
5.267244, 0.31603462, 7.920019
5.2480903, 0.50757074, 8.015787
5.401319, 0.58418524, 7.776367
5.3247046, 0.7374141, 7.5082164
5.2002063, 0.6991069, 8.025364
5.161899, 0.50757074, 8.101978
5.5737014, 0.2777274, 8.082825
5.6886234, 0.6895301, 7.9966335
5.8226986, 0.63206923, 7.489063
5.9280434, 0.48841715, 7.6135616
6.157887, 0.29688102, 7.2592196
6.7133417, 0.50757074, 6.8569937
7.2209125, 0.4405331, 6.6271505
7.3071036, 0.6799533, 6.694188
6.655881, 0.842759, 7.1059904
6.1004257, 0.90021986, 6.9144545
6.694188, 0.9864111, 6.646304
7.2592196, 1.1204864, 6.483498
7.7093296, 1.043872, 6.4643445
7.422025, 0.78529817, 6.6271505
7.038953, 0.7086837, 6.6654577
6.435614, 0.9864111, 6.7133417
6.7324953, 1.2641385, 6.5505357
7.3549876, 1.0055647, 6.6367273
7.5082164, 0.7469909, 6.540959
7.201759, 0.8523358, 6.5601125
6.8665705, 0.842759, 6.5984197
6.799533, 0.93852705, 6.789956
6.83784, 0.5363012, 7.0102224
6.7133417, 0.45010993, 7.086837
6.3589997, 0.63206923, 6.799533
6.349423, 0.47884035, 7.0485296
6.531382, 0.4213795, 7.153875
6.5218053, 0.5746084, 7.1059904
6.6750345, 0.78529817, 6.933608
6.885724, 0.5267244, 6.8186865
6.7803793, 0.6607997, 6.9240313
6.9527617, 0.9672575, 6.6367273
7.1347213, 0.5267244, 6.646304
6.9527617, 1.043872, 6.655881
6.5984197, 1.7908629, 7.1826053
6.9048777, 0.9576807, 6.033388
7.699753, 0.24899697, 6.7612257
6.8761473, 0.8523358, 6.83784
6.5218053, 0.59376204, 6.6367273
6.5696893, 0.095768064, 6.5218053
7.0964136, 0.038307227, 6.3302693
7.833828, -0.15322891, 6.0621185
8.169016, -0.17238252, 5.995081
7.881712, 0.5267244, 6.0238113
7.5848308, 0.6512229, 5.899313
7.4028716, 0.48841715, 5.889736
7.52737, 0.6703765, 6.0525417
7.517793, 0.9768343, 6.4068837
7.393295, 0.7661445, 6.339846
7.2113357, 0.7086837, 6.2249246
7.1826053, 0.7374141, 6.5026517
6.895301, 0.6512229, 6.7133417
7.0581064, 0.37349546, 6.5122285
7.1826053, 0.1340753, 6.4547677
7.249643, 0.2777274, 6.540959
7.1826053, 0.4213795, 6.435614
7.2592196, 0.2873042, 6.4068837
7.249643, 0.4309563, 6.493075
7.2304893, 0.5650316, 6.5218053
7.1826053, 0.45010993, 6.435614
7.086837, 0.31603462, 6.588843
7.1347213, 0.37349546, 6.5505357
7.153875, 0.37349546, 6.4739213
7.192182, 0.36391866, 6.5218053
7.1634517, 0.2681506, 6.5601125
7.1634517, 0.2681506, 6.540959
7.1155677, 0.32561144, 6.5218053
7.153875, 0.39264908, 6.579266
7.1347213, 0.41180268, 6.5601125
7.1826053, 0.41180268, 6.5218053
7.1826053, 0.41180268, 6.483498
7.249643, 0.45968673, 6.435614
7.2783732, 0.45010993, 6.493075
7.28795, 0.47884035, 6.4164605
7.28795, 0.50757074, 6.397307
7.3071036, 0.4405331, 6.38773
7.2783732, 0.34476504, 6.4260373
7.2592196, 0.46926352, 6.4068837
7.2113357, 0.48841715, 6.4739213
7.153875, 0.40222588, 6.531382
7.1347213, 0.40222588, 6.5984197
7.201759, 0.33518824, 6.6750345
7.1826053, 0.17238252, 6.742072
6.991069, 0.2681506, 6.6079965
6.9240313, 0.08619126, 6.703765
6.7708025, 0.08619126, 6.694188
6.83784, 0.095768064, 6.7229185
6.8665705, 0.019153614, 6.751649
6.933608, 0.06703765, 6.751649
6.991069, 0.10534488, 6.83784
6.9240313, 0.06703765, 6.7612257
7.0102224, 0.1340753, 6.8569937
6.991069, 0.1340753, 6.6654577
6.9719152, 0.02873042, 6.6750345
7.019799, 0.17238252, 6.6750345
7.07726, 0.22984336, 6.7133417
7.0581064, 0.17238252, 6.588843
7.0485296, 0.08619126, 6.6271505
7.038953, 0.08619126, 6.694188
7.0485296, 0.1340753, 6.6654577
7.038953, 0.10534488, 6.7324953
6.9719152, 0.095768064, 6.703765
6.9048777, 0.15322891, 6.6271505
6.943185, 0.16280572, 6.6175733
7.0964136, 0.10534488, 6.7803793
7.07726, 0.1340753, 6.6654577
7.0581064, 0.095768064, 6.6271505
7.086837, 0.15322891, 6.6654577
7.1155677, 0.17238252, 6.6271505
7.0581064, 0.15322891, 6.5984197
7.067683, 0.15322891, 6.7133417
7.0581064, 0.15322891, 6.6079965
7.086837, 0.047884032, 6.7133417
6.9527617, 0.16280572, 6.7708025
6.981492, 0.095768064, 6.7229185
6.933608, 0.10534488, 6.7708025
6.9048777, 0.11492168, 6.742072
6.943185, 0.08619126, 6.751649
6.9527617, 0.095768064, 6.7133417
6.981492, 0.076614454, 6.703765
6.933608, 0.076614454, 6.703765
7.0102224, 0.12449849, 6.7803793
7.0102224, 0.11492168, 6.6654577
7.0964136, 0.16280572, 6.6367273
